camera_matrix:
- [396.1654524836853, 0.0, 250.86488842087053]
- [0.0, 395.5692222537713, 193.9992571229703]
- [0.0, 0.0, 1.0]
dist_coeff:
- [0.26821792385029597, -0.8073622572022177, 0.00535840198085478, -0.005431777172978062,
  0.7776136780677065]
