camera_matrix:
- [411.69218851337854, 0.0, 247.85924473341012]
- [0.0, 413.37307737443416, 186.67694775717743]
- [0.0, 0.0, 1.0]
dist_coeff:
- [0.13067416886075905, -0.10214887961577826, -0.0024662596611728484, -0.0002228283856968941,
  -0.39682753319884495]
