camera_matrix:
- [366.490194491105, 0.0, 244.5782827220666]
- [0.0, 362.0594733899817, 216.74924963737777]
- [0.0, 0.0, 1.0]
dist_coeff:
- [0.1494086203223358, -0.5068579226977307, 0.015639784074939628, -0.004634436745466483,
  0.43172585776472794]
mean reprojection error: [0.299836382704702]
