PC Time,Left Frame #,Left Aruco ID,leftcam_T_aruco,Tx,Ty,Tz,R00,R01,R02,R10,R11,R12,R20,R21,R22,aruco_T_ring_left,Tx,Ty,Tz,R00,R01,R02,R10,R11,R12,R20,R21,R22,u_left,v_left,Right Frame #,Right Aruco ID,rightcam_T_aruco,Tx,Ty,Tz,R00,R01,R02,R10,R11,R12,R20,R21,R22,aruco_T_ring_right,Tx,Ty,Tz,R00,R01,R02,R10,R11,R12,R20,R21,R22,u_right,v_right
""
mtx_left,387.3647766113281,0.0,247.6525421142578,0.0,385.7626037597656,187.99069213867188,0.0,0.0,1.0
dist_left,0.19200356304645538,-0.5552008152008057,0.0034792395308613777,-0.0017537083476781845,0.4684436619281769
mtx_right,396.16546630859375,0.0,250.86488342285156,0.0,395.5692138671875,193.99925231933594,0.0,0.0,1.0
dist_right,0.26821792125701904,-0.8073622584342957,0.005358402151614428,-0.005431777331978083,0.7776136994361877
""
10:45:23.211489,1,3,,0.012259359887208127,0.003733529777007433,0.09230389892482216,0.9585476873116006,0.13179715143096976,-0.2526179764471721,-0.12554861807950438,-0.6005175401658004,-0.7896937561178656,-0.25578091337687553,0.7886749614561744,-0.5590777490870058,,-0.01343000028282404,0.005190230906009674,-0.0061240000650286674,1.0,0.0,0.0,0.0,1.0,0.0,0.0,0.0,1.0,253.7242217069894,214.70493802724528,1,3,,-0.014715834647839605,0.002137399376548906,0.09582125893249988,0.9652166617086931,0.16120029200454752,-0.20584280851556347,-0.055300509454227986,-0.643620938903983,-0.763343920299663,-0.2555360045356215,0.7481754826656671,-0.6123191957826954,,-0.01343000028282404,0.005190230906009674,-0.0061240000650286674,1.0,0.0,0.0,0.0,1.0,0.0,0.0,0.0,1.0,154.38970781808644,209.97243931483285
10:45:23.279482,3,3,,0.012272575462478385,0.003725215020559286,0.09264281400211696,0.9557218664458548,0.12624966160428835,-0.26581334981910665,-0.13756489431519398,-0.6068377572553767,-0.7828306561583508,-0.26013768248622043,0.7847349611901251,-0.5626005926380021,,-0.01343000028282404,0.005190230906009674,-0.0061240000650286674,1.0,0.0,0.0,0.0,1.0,0.0,0.0,0.0,1.0,254.0870439228904,214.89441915718032,2,3,,-0.014710520402266091,0.0018585122671487882,0.09373693126284964,0.9717873484334377,0.1173503312066318,-0.20459288646089827,-0.09151060117877324,-0.6118908076489857,-0.7856306061926123,-0.21738251837856626,0.7821883016770103,-0.5838889461387555,,-0.01343000028282404,0.005190230906009674,-0.0061240000650286674,1.0,0.0,0.0,0.0,1.0,0.0,0.0,0.0,1.0,150.65290717745012,212.3556997283178
10:45:23.339128,4,3,,0.011868952897547056,0.0032291697455365163,0.09260300348003349,0.9564501861563502,0.12185149215642364,-0.265245650785712,-0.1375122373961682,-0.6134499599717181,-0.7776692942228061,-0.2574750977624491,0.7802764641266263,-0.569978257096064,,-0.01343000028282404,0.005190230906009674,-0.0061240000650286674,1.0,0.0,0.0,0.0,1.0,0.0,0.0,0.0,1.0,252.44371876031116,212.8046305615896,3,3,,-0.01478693983929912,0.0016215419253314599,0.0948220738398229,0.9682191891316131,0.13803013647571435,-0.20856481779489378,-0.07349798163320784,-0.6400630319288598,-0.7647989028848563,-0.2390599265731633,0.7558220667475454,-0.6095763733317612,,-0.01343000028282404,0.005190230906009674,-0.0061240000650286674,1.0,0.0,0.0,0.0,1.0,0.0,0.0,0.0,1.0,152.43387056813447,209.23445759058325
10:45:23.376241,5,3,,0.012588954632378024,0.002967235824572439,0.09505583358662682,0.9520762511477501,0.1466903847604407,-0.2683891633790016,-0.10733086018361976,-0.6614540618228648,-0.7422658624443658,-0.28641036722278546,0.7355001394404135,-0.614010298309761,,-0.01343000028282404,0.005190230906009674,-0.0061240000650286674,1.0,0.0,0.0,0.0,1.0,0.0,0.0,0.0,1.0,255.68835070794697,208.01517464353861,4,3,,-0.014846658446144764,0.0015392740072444637,0.09410236840962617,0.9746350294526716,0.11987868928981527,-0.18898587041878534,-0.07704850933303682,-0.6130860782557653,-0.7862499525332403,-0.21011921990466967,0.7808678252451701,-0.5882986936272522,,-0.01343000028282404,0.005190230906009674,-0.0061240000650286674,1.0,0.0,0.0,0.0,1.0,0.0,0.0,0.0,1.0,149.9335700278134,210.32233014564378
10:45:23.413272,6,3,,0.012219740468859068,0.00292321252545076,0.09383505672383827,0.955720025059851,0.1320524249770906,-0.26298553336118646,-0.1228638079644846,-0.6329935685174508,-0.7643452275693292,-0.26740179205095865,0.762811444115263,-0.5887401653825928,,-0.01343000028282404,0.005190230906009674,-0.0061240000650286674,1.0,0.0,0.0,0.0,1.0,0.0,0.0,0.0,1.0,253.85596613766603,209.94799754599504,5,3,,-0.014910055057411695,0.0013721079123250736,0.09468018154711302,0.9688900929873094,0.13905224327505084,-0.2047351004376606,-0.06974224824319047,-0.6403156198386282,-0.7649391647710676,-0.23746158956982516,0.7554206646834923,-0.610697644377414,,-0.01343000028282404,0.005190230906009674,-0.0061240000650286674,1.0,0.0,0.0,0.0,1.0,0.0,0.0,0.0,1.0,151.7005199340888,208.11568640935744
10:45:23.454636,7,3,,0.01182454351794072,0.0030167038386580366,0.09239312561303499,0.9561923012742877,0.12175972183229954,-0.2662158017907707,-0.13936088181969442,-0.6104014410780798,-0.7797362537090606,-0.25743897840501745,0.7826778717129573,-0.5666926164409207,,-0.01343000028282404,0.005190230906009674,-0.0061240000650286674,1.0,0.0,0.0,0.0,1.0,0.0,0.0,0.0,1.0,252.320647149941,212.26104113321898,6,3,,-0.01511990591150579,0.0012923794571908212,0.09540633656680234,0.9664911873702671,0.14973747246173785,-0.20850293541430479,-0.06457459410830164,-0.6443040259378012,-0.7620383480876073,-0.24844497686884226,0.7499673402896365,-0.6130449265490491,,-0.01343000028282404,0.005190230906009674,-0.0061240000650286674,1.0,0.0,0.0,0.0,1.0,0.0,0.0,0.0,1.0,152.14157708262843,207.29018864123822
10:45:23.490048,8,3,,0.011941846890287365,0.002653481831762209,0.09296534028959727,0.9569279894673021,0.12746326492260235,-0.26084849830761475,-0.12457083954838082,-0.6312956018595199,-0.76547238291596,-0.2622421188678104,0.7649960648056281,-0.5882262251239945,,-0.01343000028282404,0.005190230906009674,-0.0061240000650286674,1.0,0.0,0.0,0.0,1.0,0.0,0.0,0.0,1.0,252.677925681151,209.28530654535112,7,3,,-0.015177532183579694,0.0009147403021254899,0.0942210710114871,0.9690428645885533,0.12762110025121323,-0.2113499026748787,-0.08630390426002217,-0.6269381857477923,-0.7742739485225779,-0.23131701774726354,0.7685449668184268,-0.5965157762193518,,-0.01343000028282404,0.005190230906009674,-0.0061240000650286674,1.0,0.0,0.0,0.0,1.0,0.0,0.0,0.0,1.0,150.02364662779985,207.78447232251588
10:45:23.533333,9,3,,0.011941846890287365,0.002653481831762209,0.09296534028959727,0.9569279894673021,0.12746326492260235,-0.26084849830761475,-0.12457083954838082,-0.6312956018595199,-0.76547238291596,-0.2622421188678104,0.7649960648056281,-0.5882262251239945,,-0.01343000028282404,0.005190230906009674,-0.0061240000650286674,1.0,0.0,0.0,0.0,1.0,0.0,0.0,0.0,1.0,252.677925681151,209.28530654535112,8,3,,-0.015267273622887411,0.0008591023879265254,0.09371737937427906,0.9693682807847794,0.13108619345776354,-0.2077054310631158,-0.08120228227814762,-0.6270639541710797,-0.7747238131954831,-0.23180018455812537,0.7678588459242256,-0.5972114091130001,,-0.01343000028282404,0.005190230906009674,-0.0061240000650286674,1.0,0.0,0.0,0.0,1.0,0.0,0.0,0.0,1.0,149.14454359667258,207.3838904505106
10:45:23.590958,10,3,,0.012045884929443624,0.0023809289795254304,0.09510458265210026,0.9507836643272682,0.1380899228128377,-0.2773834834051174,-0.12296819774751987,-0.6535310229742104,-0.7468440428583527,-0.28441034789743386,0.7441964627891121,-0.6043859518395792,,-0.01343000028282404,0.005190230906009674,-0.0061240000650286674,1.0,0.0,0.0,0.0,1.0,0.0,0.0,0.0,1.0,253.81148691786572,206.89767921608652,9,3,,-0.015299948161781414,0.0006694883707301446,0.09401398617633917,0.9701754326963539,0.12766485965064361,-0.20606143113844477,-0.08222177492985369,-0.6263673042158389,-0.7751797081559652,-0.22803335177080353,0.7690030453904355,-0.5971893390378036,,-0.01343000028282404,0.005190230906009674,-0.0061240000650286674,1.0,0.0,0.0,0.0,1.0,0.0,0.0,0.0,1.0,149.117395921146,206.7001712933773
10:45:23.650323,11,3,,0.011612548510541516,0.0020398397665757884,0.09255465881367964,0.9557160776255627,0.15347255709901172,-0.2511034710741778,-0.10327833702111806,-0.6240713764856878,-0.7745117830952679,-0.2755727926885421,0.7661469123273612,-0.5805846576177228,,-0.01343000028282404,0.005190230906009674,-0.0061240000650286674,1.0,0.0,0.0,0.0,1.0,0.0,0.0,0.0,1.0,251.8028192254514,206.33495138141507,10,3,,-0.015291913576371382,0.0006147589710356101,0.0948068707357977,0.9641074388598815,0.15268102053883942,-0.21722189646133352,-0.06842049134146311,-0.6476274761926726,-0.7588789682452018,-0.25654528391617837,0.7465032873655199,-0.613935956963623,,-0.01343000028282404,0.005190230906009674,-0.0061240000650286674,1.0,0.0,0.0,0.0,1.0,0.0,0.0,0.0,1.0,151.3956553131547,204.8382558554262
10:45:23.718519,13,3,,0.011174891608181607,0.001849569421084732,0.09241950757381115,0.9579559328732018,0.1253567517151312,-0.2580816062265279,-0.1288101085148964,-0.615855299490834,-0.7772581334623883,-0.2563754797507247,0.7778225600279836,-0.5738150211471459,,-0.01343000028282404,0.005190230906009674,-0.0061240000650286674,1.0,0.0,0.0,0.0,1.0,0.0,0.0,0.0,1.0,249.6776841168735,207.19427890594017,11,3,,-0.015476654916178154,0.00039353501355323496,0.09495953092068793,0.9648671014237581,0.14925463360514787,-0.21622796058213267,-0.06819406409411086,-0.6525101893735525,-0.7547052553056847,-0.253734203867834,0.7429357355189502,-0.6194073350199147,,-0.01343000028282404,0.005190230906009674,-0.0061240000650286674,1.0,0.0,0.0,0.0,1.0,0.0,0.0,0.0,1.0,150.67253678046143,203.78411517504625
10:45:23.757229,14,3,,0.011222447792893636,0.001417133637822842,0.092893670961003,0.9518438985579789,0.14265378811020626,-0.2713726027360833,-0.12415765316081473,-0.6299597853579858,-0.7666391237037926,-0.28031780168149606,0.7634137577811451,-0.5819118184836295,,-0.01343000028282404,0.005190230906009674,-0.0061240000650286674,1.0,0.0,0.0,0.0,1.0,0.0,0.0,0.0,1.0,250.78190648968373,204.70256936742527,12,3,,-0.015704952729667654,0.00011777030561874009,0.09385033870170624,0.9694909507115863,0.1293617683611088,-0.20821342265769327,-0.08187409655904732,-0.6297402314288004,-0.7724790438792761,-0.2310496241091601,0.7659587285268624,-0.5999360777553956,,-0.01343000028282404,0.005190230906009674,-0.0061240000650286674,1.0,0.0,0.0,0.0,1.0,0.0,0.0,0.0,1.0,147.52803207444026,204.4497550654362
10:45:23.815321,15,3,,0.011332693692453537,0.0012275733647173158,0.09424350950706133,0.9517535679059475,0.13266697429287794,-0.27670312594958485,-0.12827536984895963,-0.6471462131947707,-0.7514966455266323,-0.2787661662906953,0.7507338094688698,-0.5989058121707846,,-0.01343000028282404,0.005190230906009674,-0.0061240000650286674,1.0,0.0,0.0,0.0,1.0,0.0,0.0,0.0,1.0,251.08010512396308,203.32815923730084,13,3,,-0.015800634610081216,-8.625147625705202e-05,0.09409580442853138,0.9715560089619051,0.12989928592750416,-0.19800277009561995,-0.07422252438514103,-0.6269588782689153,-0.7755085955898107,-0.22487760743104582,0.7681463014786363,-0.5994842126368136,,-0.01343000028282404,0.005190230906009674,-0.0061240000650286674,1.0,0.0,0.0,0.0,1.0,0.0,0.0,0.0,1.0,146.982530390595,203.38303741151472
10:45:23.858832,16,3,,0.01078129098080713,0.0009284774879478741,0.09323741214919036,0.9594365763703414,0.1114059599783145,-0.258979087966709,-0.1316388945186707,-0.6352945034250266,-0.7609678675002323,-0.2493043468787909,0.7641921263656535,-0.5948594259386669,,-0.01343000028282404,0.005190230906009674,-0.0061240000650286674,1.0,0.0,0.0,0.0,1.0,0.0,0.0,0.0,1.0,247.87569468236808,203.02970393425014,14,3,,-0.016110222144970994,-0.00038153050601403703,0.09435748677418741,0.9704098400747152,0.13430368319162322,-0.20066704504559213,-0.07238308975403342,-0.6310270580574462,-0.7723765534485262,-0.23035935102318972,0.7640467084416559,-0.6026335509375879,,-0.01343000028282404,0.005190230906009674,-0.0061240000650286674,1.0,0.0,0.0,0.0,1.0,0.0,0.0,0.0,1.0,146.32204980567053,201.97618346681782
10:45:23.920185,18,3,,0.010644367830088661,0.00019854884570890227,0.09209289574438165,0.9525853543835573,0.15199558150990794,-0.263587719394166,-0.11419870161142974,-0.6243650674191886,-0.7727398780552843,-0.28202801131131694,0.7662020658991315,-0.5774033209531156,,-0.01343000028282404,0.005190230906009674,-0.0061240000650286674,1.0,0.0,0.0,0.0,1.0,0.0,0.0,0.0,1.0,248.60480486726652,200.02519314254172,15,3,,-0.01618859055816754,-0.0006325686788778264,0.09383807093950217,0.9686653754834545,0.133550202044762,-0.20940805589399172,-0.07802620237869529,-0.6368154971587895,-0.7670579732463269,-0.23579504253028052,0.7593618150211445,-0.6064407075765414,,-0.01343000028282404,0.005190230906009674,-0.0061240000650286674,1.0,0.0,0.0,0.0,1.0,0.0,0.0,0.0,1.0,145.84616244863676,201.09638627891044
10:45:23.965134,20,3,,0.010410261225108679,-2.9592379951445256e-05,0.09208779320119535,0.9543168531596338,0.14536788511840357,-0.26105080300910144,-0.11627309722181982,-0.624139392551641,-0.7726128302893462,-0.2752451827697249,0.7676706303105982,-0.5787243667935449,,-0.01343000028282404,0.005190230906009674,-0.0061240000650286674,1.0,0.0,0.0,0.0,1.0,0.0,0.0,0.0,1.0,247.45299251735528,199.28744499622687,16,3,,-0.016467355666521053,-0.0010052827266022507,0.09374222569399025,0.9713700160458032,0.13261761418664023,-0.19711128921149976,-0.07200521328525313,-0.626318711767704,-0.7762345783005218,-0.2263968665572058,0.7682040351996904,-0.598838057504691,,-0.01343000028282404,0.005190230906009674,-0.0061240000650286674,1.0,0.0,0.0,0.0,1.0,0.0,0.0,0.0,1.0,144.05242231368965,199.79609191293673
10:45:24.021971,21,3,,0.010204453930610669,-0.0008359629306556197,0.0922562644681843,0.9593329294082646,0.16375089144735408,-0.22992602310994373,-0.0858205850498245,-0.606784762896704,-0.7902196395294769,-0.268914777828708,0.7778161074872308,-0.5680554068035522,,-0.01343000028282404,0.005190230906009674,-0.0061240000650286674,1.0,0.0,0.0,0.0,1.0,0.0,0.0,0.0,1.0,246.07293091725256,195.4801217710694,17,3,,-0.01645101504989661,-0.0011872305094288232,0.09348159803187053,0.9649664986482889,0.14161838935502932,-0.22087075017518545,-0.08108520789076011,-0.639643674237241,-0.7643828615750058,-0.24952924788043201,0.7555132042557362,-0.6057515601692299,,-0.01343000028282404,0.005190230906009674,-0.0061240000650286674,1.0,0.0,0.0,0.0,1.0,0.0,0.0,0.0,1.0,145.25282120343053,199.012043585944
10:45:24.067246,23,3,,0.009863402585794361,-0.0009153700714160985,0.09162679622986636,0.9551406882076712,0.1367137779246554,-0.26270821961968427,-0.12749485433807323,-0.6108402435670092,-0.781421306950553,-0.2673038118835752,0.7798612310947152,-0.566008067423023,,-0.01343000028282404,0.005190230906009674,-0.0061240000650286674,1.0,0.0,0.0,0.0,1.0,0.0,0.0,0.0,1.0,245.2165462374742,197.05112244739104,18,3,,-0.0168317103230837,-0.001570868558604411,0.0941185755885341,0.9593320687906164,0.15843439073887167,-0.23362475387064316,-0.07903642680289884,-0.6437713663018937,-0.7611252664102165,-0.2709893448609116,0.7486367421927644,-0.6050684285358626,,-0.01343000028282404,0.005190230906009674,-0.0061240000650286674,1.0,0.0,0.0,0.0,1.0,0.0,0.0,0.0,1.0,145.62110566508,197.2401007180996
10:45:24.149155,25,3,,0.05382103863995733,0.029978302437967813,0.05565971880386799,0.9111873422479422,-0.16832262964808245,0.37603872097895197,-0.3022381747084175,-0.8933743674277229,0.3324670289999295,0.2799816298903478,-0.4165930051878816,-0.8649049398358607,,-0.01343000028282404,0.005190230906009674,-0.0061240000650286674,1.0,0.0,0.0,0.0,1.0,0.0,0.0,0.0,1.0,525.0871701415475,386.1797845283547,19,3,,-0.0167518999253527,-0.0018998338290928537,0.09370430849881001,0.9674416562635454,0.14299634226951197,-0.20882693270646024,-0.07327231827166644,-0.6315187522242987,-0.7718906871857961,-0.2422556688730802,0.7620604383423963,-0.6004798741109073,,-0.01343000028282404,0.005190230906009674,-0.0061240000650286674,1.0,0.0,0.0,0.0,1.0,0.0,0.0,0.0,1.0,143.80539771701046,196.20259914120294
10:45:24.213157,26,3,,0.0096352239835352,-0.0019394171858126386,0.09082425210341902,0.9526796935389189,0.15263523429992087,-0.2628761814406161,-0.11706268157782704,-0.6138714631152903,-0.7806780100364689,-0.2805311570938239,0.774509078076494,-0.5669549875225539,,-0.01343000028282404,0.005190230906009674,-0.0061240000650286674,1.0,0.0,0.0,0.0,1.0,0.0,0.0,0.0,1.0,244.77873013918096,192.63012331422198,20,3,,-0.017198465166453215,-0.0024652330536005414,0.093645358608756,0.960393877388398,0.16154404458216137,-0.22703991264734796,-0.07368612119357623,-0.6385529603173986,-0.7660420826647399,-0.26872654468497215,0.7524318165321847,-0.6013587994298847,,-0.01343000028282404,0.005190230906009674,-0.0061240000650286674,1.0,0.0,0.0,0.0,1.0,0.0,0.0,0.0,1.0,143.5067198047546,193.7701790711808
10:45:24.248816,27,3,,0.0094229038759749,-0.0023759766131137795,0.08947214747679955,0.9545689415826557,0.15794461387325548,-0.25268881002964183,-0.11923859508501497,-0.5746775271847441,-0.8096467730998375,-0.2730939274460712,0.8029939219553632,-0.5297362250165869,,-0.01343000028282404,0.005190230906009674,-0.0061240000650286674,1.0,0.0,0.0,0.0,1.0,0.0,0.0,0.0,1.0,243.6848156684147,192.59925167389028,21,3,,-0.017294686416193347,-0.0028630168426224604,0.09342594512856046,0.9658889523250189,0.15111342073176381,-0.21029328532129168,-0.06787330324860671,-0.6359566294870177,-0.7687342714603238,-0.24990347433079022,0.7567852400029067,-0.6040069155491045,,-0.01343000028282404,0.005190230906009674,-0.0061240000650286674,1.0,0.0,0.0,0.0,1.0,0.0,0.0,0.0,1.0,141.7543569783388,192.05285026508952
10:45:24.307141,28,3,,0.009534192141164582,-0.0028667389559995245,0.09080184729974441,0.9543802591626876,0.16525548315904662,-0.24869448366707142,-0.10051603983074016,-0.6064674685717028,-0.7887291900906013,-0.2811669373473813,0.7777453534738095,-0.5621897531017378,,-0.01343000028282404,0.005190230906009674,-0.0061240000650286674,1.0,0.0,0.0,0.0,1.0,0.0,0.0,0.0,1.0,244.22711905526143,188.61701896736966,22,3,,-0.017365790055162814,-0.003050560407338921,0.09242047669532441,0.9687213847052956,0.1349875650635953,-0.2082240046028705,-0.08245544261245344,-0.616327729486146,-0.7831610497528821,-0.23405123114019077,0.7758340590259322,-0.5859193921155941,,-0.01343000028282404,0.005190230906009674,-0.0061240000650286674,1.0,0.0,0.0,0.0,1.0,0.0,0.0,0.0,1.0,139.58753444383888,192.8082261225537
10:45:24.361081,30,3,,0.009666027262536271,-0.003449106960804965,0.09276437939765222,0.9489081106840316,0.16099390106842468,-0.27139337003108965,-0.10972891978923507,-0.6380343435641855,-0.7621494214355257,-0.29585969924940647,0.752989468884784,-0.5877702766461245,,-0.01343000028282404,0.005190230906009674,-0.0061240000650286674,1.0,0.0,0.0,0.0,1.0,0.0,0.0,0.0,1.0,245.49655542738165,185.69799588656167,23,3,,-0.01757523126326518,-0.004009018453018725,0.09236312652415134,0.9677819716197053,0.14780368359561089,-0.20384338724482726,-0.07067967137289363,-0.6175562607405779,-0.7833445275705545,-0.24166596670300064,0.7725142949717396,-0.5872130998213683,,-0.01343000028282404,0.005190230906009674,-0.0061240000650286674,1.0,0.0,0.0,0.0,1.0,0.0,0.0,0.0,1.0,139.0032384364387,188.42932315071695
10:45:24.409022,31,3,,0.009446607934419655,-0.0036749464071003505,0.09184311135772225,0.950026200670932,0.1582622170751589,-0.26907859202323964,-0.11614684642904458,-0.6208792464925451,-0.7752540688957634,-0.2897587412026455,0.7677643075327901,-0.5714698941985952,,-0.01343000028282404,0.005190230906009674,-0.0061240000650286674,1.0,0.0,0.0,0.0,1.0,0.0,0.0,0.0,1.0,244.48884571779897,185.7859967998114,24,3,,-0.017643652307953287,-0.004407443280540929,0.09230307778854963,0.9636329739126999,0.15046335871310365,-0.22084444587296687,-0.08010818498424128,-0.6257673488960873,-0.7758852387783215,-0.2549395424148566,0.7653600477816531,-0.5909567048210631,,-0.01343000028282404,0.005190230906009674,-0.0061240000650286674,1.0,0.0,0.0,0.0,1.0,0.0,0.0,0.0,1.0,139.54417055435107,187.02991012038052
10:45:24.452026,32,3,,0.009099497109962492,-0.0040676260170176455,0.09012498486096414,0.9519797412333284,0.17517833322170984,-0.25109186337073675,-0.10262145778041278,-0.5901094578602585,-0.8007744152674302,-0.28845001071996534,0.7880884336884633,-0.5437951930663938,,-0.01343000028282404,0.005190230906009674,-0.0061240000650286674,1.0,0.0,0.0,0.0,1.0,0.0,0.0,0.0,1.0,242.92117863434333,184.76434574358763,25,3,,-0.017689049820717527,-0.004730380812934033,0.09213651506367218,0.9642718214402772,0.1528816741523486,-0.21634936580592298,-0.07376986718666247,-0.6294118047997951,-0.7735623999871807,-0.25443635957054594,0.7618844884147726,-0.5956460066528172,,-0.01343000028282404,0.005190230906009674,-0.0061240000650286674,1.0,0.0,0.0,0.0,1.0,0.0,0.0,0.0,1.0,139.08764925857645,185.2957186163445
10:45:24.513744,33,3,,0.009375465659810277,-0.004473313539037732,0.09104680224253775,0.9448160137259989,0.2048170872572796,-0.25568077943865275,-0.09181192659660567,-0.5836394997181651,-0.8068057414913143,-0.3144730041538265,0.7857575294810568,-0.532627294195757,,-0.01343000028282404,0.005190230906009674,-0.0061240000650286674,1.0,0.0,0.0,0.0,1.0,0.0,0.0,0.0,1.0,245.06811452850792,182.99615021495276,26,3,,-0.01770433097783941,-0.004959978694893062,0.09193686553249461,0.9635075565786471,0.15776257291876683,-0.21625022312565553,-0.07162378297099453,-0.6264656514039555,-0.776151287652054,-0.2579209610108665,0.7633162897495824,-0.5923048367809962,,-0.01343000028282404,0.005190230906009674,-0.0061240000650286674,1.0,0.0,0.0,0.0,1.0,0.0,0.0,0.0,1.0,138.98271879110243,184.3922961925174
10:45:24.558462,35,3,,0.009387413378326477,-0.004699356537848425,0.09108418607791478,0.9421609649420662,0.21005109165542818,-0.261172845130954,-0.09296896839742708,-0.5848798506146484,-0.8057743674628183,-0.32200852015832215,0.7834501255595977,-0.5315227311283103,,-0.01343000028282404,0.005190230906009674,-0.0061240000650286674,1.0,0.0,0.0,0.0,1.0,0.0,0.0,0.0,1.0,245.47986730398603,182.1637618547641,27,3,,-0.017995300004708423,-0.005775705006807586,0.0921254699093879,0.9613512107748124,0.1681068355122354,-0.21804573234957933,-0.0681717521087329,-0.6219585132209156,-0.7800770603257435,-0.26675168557335793,0.7647925860559126,-0.5864604322183058,,-0.01343000028282404,0.005190230906009674,-0.0061240000650286674,1.0,0.0,0.0,0.0,1.0,0.0,0.0,0.0,1.0,138.5000164021679,181.23996337254792
10:45:24.601408,36,3,,0.008739629907197876,-0.004703543744333059,0.0894047919200065,0.9456590154514191,0.1724771335962877,-0.2756459048886107,-0.1351808262434262,-0.562453487996211,-0.8157035111221729,-0.2957282041192508,0.8086394204015189,-0.5085736102680695,,-0.01343000028282404,0.005190230906009674,-0.0061240000650286674,1.0,0.0,0.0,0.0,1.0,0.0,0.0,0.0,1.0,242.3533611293039,184.88006713105054,28,3,,-0.018085896326624926,-0.006103894339963037,0.09266878864543933,0.9521760300511379,0.19464298898499782,-0.23553113304835196,-0.062253396748597166,-0.631092625943393,-0.773205413892799,-0.2991409741063838,0.750890274486798,-0.5887940839477118,,-0.01343000028282404,0.005190230906009674,-0.0061240000650286674,1.0,0.0,0.0,0.0,1.0,0.0,0.0,0.0,1.0,140.62564319229566,179.43246315988912
10:45:24.678910,38,3,,0.009176898600912151,-0.005455685178699448,0.09115790587773942,0.9420700550125074,0.20670016943811123,-0.26415724749282826,-0.0918167575073632,-0.598549465102542,-0.7958066479153683,-0.3226045481538741,0.7739596745178116,-0.5448969881828287,,-0.01343000028282404,0.005190230906009674,-0.0061240000650286674,1.0,0.0,0.0,0.0,1.0,0.0,0.0,0.0,1.0,244.69703519412667,178.780635923956,29,3,,-0.018066921230677203,-0.006316519182103877,0.09227743621124368,0.9540398308936808,0.1895935736762052,-0.23208248078871072,-0.06290093201289838,-0.630496577296055,-0.7736391528160067,-0.29300422150587807,0.7526807708707889,-0.5895932354946835,,-0.01343000028282404,0.005190230906009674,-0.0061240000650286674,1.0,0.0,0.0,0.0,1.0,0.0,0.0,0.0,1.0,139.90933254603794,178.5971340026213
10:45:24.723624,39,3,,0.00797821362219938,-0.004789407690214902,0.09128610936702125,0.9440378117630923,0.18461708797056287,-0.2733297290651379,-0.11446093955569517,-0.5938175845449386,-0.7964165804409412,-0.3093401093902628,0.7831329434486102,-0.5394548077531018,,-0.01343000028282404,0.005190230906009674,-0.0061240000650286674,1.0,0.0,0.0,0.0,1.0,0.0,0.0,0.0,1.0,239.85908011544402,182.52404871214816,30,3,,-0.018141936051185022,-0.00647530903072723,0.09177879682617157,0.9588820868756854,0.17613604816307135,-0.22253367387078,-0.0717645774212427,-0.6081439326144563,-0.790576247209448,-0.27458147952198253,0.7740394368258765,-0.5704979941610656,,-0.01343000028282404,0.005190230906009674,-0.0061240000650286674,1.0,0.0,0.0,0.0,1.0,0.0,0.0,0.0,1.0,137.99355374991075,179.18640476414058
10:45:24.780794,40,3,,0.007496969915697797,-0.004376979744961319,0.09319468210410964,0.9269953933515872,0.22893525393797767,-0.29709963010628215,-0.10173739374328465,-0.6089397946130526,-0.7866650044656475,-0.3610111402979967,0.759460977299668,-0.5411931083631546,,-0.01343000028282404,0.005190230906009674,-0.0061240000650286674,1.0,0.0,0.0,0.0,1.0,0.0,0.0,0.0,1.0,240.49690904185152,183.0319314313944,31,3,,-0.018327069516133117,-0.007202669939875501,0.09190416260230624,0.9559047016089254,0.19058443606854727,-0.22343628660176307,-0.06313030305610282,-0.60968430379281,-0.7901263282189255,-0.2868113775253625,0.7693910724963673,-0.5707684392859277,,-0.01343000028282404,0.005190230906009674,-0.0061240000650286674,1.0,0.0,0.0,0.0,1.0,0.0,0.0,0.0,1.0,138.0302742464704,175.89122696048418
10:45:24.836405,41,3,,0.005507697007655752,-0.0023458950301159577,0.09817348579118458,0.9299152450534934,0.21917305542127943,-0.2953316928377344,-0.10268941647505699,-0.6163497456439295,-0.7807482787612636,-0.3531465995321396,0.7563571661734714,-0.5506462715908665,,-0.01343000028282404,0.005190230906009674,-0.0061240000650286674,1.0,0.0,0.0,0.0,1.0,0.0,0.0,0.0,1.0,233.46424278994016,190.14788392722156,32,3,,-0.01835888519491487,-0.007469124258876081,0.0921096637923432,0.9522322327226773,0.19942678091499547,-0.2312633434374484,-0.06195656645631624,-0.6153919819246911,-0.7857824714612465,-0.29902367604744756,0.7625756799404783,-0.5736402823428531,,-0.01343000028282404,0.005190230906009674,-0.0061240000650286674,1.0,0.0,0.0,0.0,1.0,0.0,0.0,0.0,1.0,138.8686956762548,174.63790501600425
10:45:24.883100,42,3,,0.002820864496714302,-0.0009471300147814179,0.08998580863718433,0.9511263358784962,0.16160135311329,-0.2631419690400977,-0.14263046731053156,-0.5258979894472705,-0.8385033419671611,-0.27388910710929215,0.8350546732803021,-0.47714615123628773,,-0.01343000028282404,0.005190230906009674,-0.0061240000650286674,1.0,0.0,0.0,0.0,1.0,0.0,0.0,0.0,1.0,218.80063936486647,200.91851271578935,33,3,,-0.01903919685734035,-0.00720585084777874,0.09163944178351394,0.9476759001537579,0.20689736267920023,-0.2431128741637431,-0.06755040050702577,-0.6143416555599582,-0.7861432907779536,-0.31200533915159984,0.7614314227560098,-0.5682207817219062,,-0.01343000028282404,0.005190230906009674,-0.0061240000650286674,1.0,0.0,0.0,0.0,1.0,0.0,0.0,0.0,1.0,136.45265572139738,175.92186278584856
10:45:24.926141,43,3,,0.0024168352573010485,-0.0012933689037774182,0.0908820713883331,0.9459567086449804,0.1998105783333055,-0.25542442748426714,-0.11073950126405156,-0.5412599979170695,-0.8335312696681529,-0.30479939013939117,0.8167700701182212,-0.489881602358908,,-0.01343000028282404,0.005190230906009674,-0.0061240000650286674,1.0,0.0,0.0,0.0,1.0,0.0,0.0,0.0,1.0,218.47332071863008,197.40833857439168,34,3,,-0.021125211655914456,-0.0055146397496068185,0.09089417345896629,0.9457027691203607,0.20524535960422832,-0.2520329637944467,-0.08094979282624638,-0.6022481903724483,-0.7941940872573272,-0.3147910473940923,0.7714735637428171,-0.5529332119944398,,-0.01343000028282404,0.005190230906009674,-0.0061240000650286674,1.0,0.0,0.0,0.0,1.0,0.0,0.0,0.0,1.0,127.40784494499376,183.59365363888367
10:45:24.963167,44,3,,0.002201157664167674,-0.0017015242547834032,0.09286863355300447,0.9506497534540915,0.17020245836154752,-0.25941505242633983,-0.1316165946801978,-0.5359262321835341,-0.8339425313907123,-0.28096640059349354,0.8269305876706015,-0.48707667251911196,,-0.01343000028282404,0.005190230906009674,-0.0061240000650286674,1.0,0.0,0.0,0.0,1.0,0.0,0.0,0.0,1.0,217.4258829538039,196.89246807969263,35,3,,-0.022263297149984755,-0.004611674823222947,0.09109870886238826,0.9540559141722131,0.1814596247894868,-0.23843178731931158,-0.09334151475430859,-0.5761637534779921,-0.8119868784663474,-0.2847185878308509,0.7969364678250144,-0.5327547202927402,,-0.01343000028282404,0.005190230906009674,-0.0061240000650286674,1.0,0.0,0.0,0.0,1.0,0.0,0.0,0.0,1.0,121.21160255915603,188.77354131173416
10:45:25.005080,45,3,,0.0021134701573471667,-0.0020254526733180754,0.09463549017818068,0.9405803892794786,0.20053033169629472,-0.2740367080751016,-0.11887770442807188,-0.5614869713249612,-0.818901991951561,-0.31808272932175424,0.8028200091565334,-0.5042850485639322,,-0.01343000028282404,0.005190230906009674,-0.0061240000650286674,1.0,0.0,0.0,0.0,1.0,0.0,0.0,0.0,1.0,219.14904498777992,194.08174309902893,36,3,,-0.023304140489584988,-0.004193178016139902,0.0915619547953731,0.9539018947779129,0.18268163925615655,-0.23811466527240832,-0.09338463821586435,-0.5733447905731768,-0.8139748524788049,-0.2852200632571273,0.7986884059514597,-0.5298550232981817,,-0.01343000028282404,0.005190230906009674,-0.0061240000650286674,1.0,0.0,0.0,0.0,1.0,0.0,0.0,0.0,1.0,117.59454415237911,190.56235546612092
10:45:25.045833,46,3,,0.0016420230301777588,-0.0029864973278631124,0.08988933746769676,0.9459509413226033,0.19352193767781112,-0.26024234138261626,-0.12163286160228609,-0.5321699597003621,-0.8378547493276827,-0.30063643090836467,0.8242235095105819,-0.479868047259598,,-0.01343000028282404,0.005190230906009674,-0.0061240000650286674,1.0,0.0,0.0,0.0,1.0,0.0,0.0,0.0,1.0,215.1769382098983,191.88173260137694,37,3,,-0.023946368121129276,-0.003765597947111038,0.09098393810511253,0.9501708959197118,0.18568286657073274,-0.2503939727892978,-0.10095543966798881,-0.5766579854944233,-0.8107241003984997,-0.29492925888859384,0.7956050784325028,-0.5291779392830315,,-0.01343000028282404,0.005190230906009674,-0.0061240000650286674,1.0,0.0,0.0,0.0,1.0,0.0,0.0,0.0,1.0,114.9077496992715,192.50173280984595
10:45:25.082755,47,3,,0.0016420230301777588,-0.0029864973278631124,0.08988933746769676,0.9459509413226033,0.19352193767781112,-0.26024234138261626,-0.12163286160228609,-0.5321699597003621,-0.8378547493276827,-0.30063643090836467,0.8242235095105819,-0.479868047259598,,-0.01343000028282404,0.005190230906009674,-0.0061240000650286674,1.0,0.0,0.0,0.0,1.0,0.0,0.0,0.0,1.0,215.1769382098983,191.88173260137694,38,3,,-0.02487081374015562,-0.0032737121328652355,0.0908099994430085,0.9621799276295868,0.1556453137706523,-0.22357174053971662,-0.10544059761477662,-0.543949724144797,-0.8324668029281637,-0.2511813433385568,0.8245563861277375,-0.5069661713118574,,-0.01343000028282404,0.005190230906009674,-0.0061240000650286674,1.0,0.0,0.0,0.0,1.0,0.0,0.0,0.0,1.0,108.05784407706926,195.92696320936196
10:45:25.120823,48,-1,,NaN,NaN,NaN,NaN,NaN,NaN,NaN,NaN,NaN,NaN,NaN,NaN,,NaN,NaN,NaN,NaN,NaN,NaN,NaN,NaN,NaN,NaN,NaN,NaN,-1,-1,39,3,,-0.02551431093870679,-0.004093650513512482,0.09132539224597622,0.9544018053024536,0.18274930067210707,-0.2360506029208001,-0.09607953068939915,-0.5606071783574708,-0.8224890974089443,-0.2826409698149266,0.8076647105562622,-0.5174860360474928,,-0.01343000028282404,0.005190230906009674,-0.0061240000650286674,1.0,0.0,0.0,0.0,1.0,0.0,0.0,0.0,1.0,108.0683850665325,191.58273735173222
10:45:25.194574,50,3,,0.042648667050292056,0.026312859426124737,0.04864881052683662,0.9215110388018478,-0.17476948994715083,0.3468040235492545,-0.31449769282604834,-0.8597445619746208,0.402405876401128,0.2278346035470285,-0.47989052245140257,-0.8472287057742368,,-0.01343000028282404,0.005190230906009674,-0.0061240000650286674,1.0,0.0,0.0,0.0,1.0,0.0,0.0,0.0,1.0,469.54442419955245,380.5793172007443,40,3,,-0.025573127320026885,-0.004406082855190967,0.09066278559052796,0.954279568631325,0.17740122313588774,-0.24058119403374656,-0.10488776245372773,-0.5549421363210145,-0.8252501333674045,-0.27990902482817986,0.8127533644134359,-0.510962725112486,,-0.01343000028282404,0.005190230906009674,-0.0061240000650286674,1.0,0.0,0.0,0.0,1.0,0.0,0.0,0.0,1.0,106.80344152756984,190.9782634977094
10:45:25.249157,51,3,,0.0009427549043133685,-0.0047930000371951605,0.08934009439034875,0.9473601518860787,0.19859121212186912,-0.251137956283698,-0.12140121081974654,-0.5030032922478754,-0.8557157436902151,-0.2962608455903096,0.8411594488893085,-0.45241606173338894,,-0.01343000028282404,0.005190230906009674,-0.0061240000650286674,1.0,0.0,0.0,0.0,1.0,0.0,0.0,0.0,1.0,212.05982110747473,185.95185678736811,41,3,,-0.02567052082779014,-0.004733381660016579,0.09079480573399826,0.9547123042032785,0.1740920722281621,-0.24128068010135295,-0.10868819457907347,-0.5508334037310212,-0.8275079683563412,-0.27696803527123576,0.8162564007230829,-0.5069656750871694,,-0.01343000028282404,0.005190230906009674,-0.0061240000650286674,1.0,0.0,0.0,0.0,1.0,0.0,0.0,0.0,1.0,106.45349287628517,190.02129247574806
10:45:25.295452,52,3,,0.0007772328907402078,-0.00492249682379463,0.08940452122651316,0.9433760527527922,0.20419700013475595,-0.26142916483921097,-0.13058642611227644,-0.49585713826874095,-0.8585294891517458,-0.3049406637491691,0.8440552609657149,-0.4411143933588145,,-0.01343000028282404,0.005190230906009674,-0.0061240000650286674,1.0,0.0,0.0,0.0,1.0,0.0,0.0,0.0,1.0,212.0277159856824,186.13958305179852,42,3,,-0.025594336109350135,-0.005465375401444046,0.09037562733884613,0.9487758739882002,0.18669911325660796,-0.2548877832441621,-0.10852095548576236,-0.5650869463562855,-0.8178630357695509,-0.29672806264049895,0.8036293823442026,-0.5158800952495565,,-0.01343000028282404,0.005190230906009674,-0.0061240000650286674,1.0,0.0,0.0,0.0,1.0,0.0,0.0,0.0,1.0,107.47858527383099,186.5511048803346
10:45:25.338537,53,3,,0.0002457446191031412,-0.005173138479997153,0.08901161345822398,0.9535239756331815,0.16959041378344494,-0.24906047347070523,-0.13308824490432172,-0.5045331107132159,-0.8530731851736597,-0.2703322898970436,0.8465727563221046,-0.4585139270428054,,-0.01343000028282404,0.005190230906009674,-0.0061240000650286674,1.0,0.0,0.0,0.0,1.0,0.0,0.0,0.0,1.0,208.16032090439757,184.98353424535946,43,3,,-0.0259982634306541,-0.006217970636204772,0.09120969735915964,0.9460988277126712,0.20103230104628544,-0.2539350746485112,-0.09912300585309804,-0.566695952411369,-0.8179427408023242,-0.3083368902861868,0.7990254760998594,-0.5162234502926392,,-0.01343000028282404,0.005190230906009674,-0.0061240000650286674,1.0,0.0,0.0,0.0,1.0,0.0,0.0,0.0,1.0,107.65430605433446,183.1196432624504
10:45:25.399397,55,3,,0.00015048575850996592,-0.005430396476369577,0.08900179618712595,0.9548722785041485,0.18117570258053572,-0.23535992976448894,-0.11913822897016944,-0.4922386793987253,-0.8622686152827612,-0.2720753831976487,0.8513967625603519,-0.44844011702746267,,-0.01343000028282404,0.005190230906009674,-0.0061240000650286674,1.0,0.0,0.0,0.0,1.0,0.0,0.0,0.0,1.0,207.61579509817778,183.72632214246147,44,3,,-0.02583973396522127,-0.006325247859444369,0.08992407481996384,0.9551788362639186,0.1713156375806855,-0.2414215049945413,-0.11147877749202369,-0.547332724536459,-0.829457274861328,-0.2742368919791609,0.8191934087697604,-0.5037025770291335,,-0.01343000028282404,0.005190230906009674,-0.0061240000650286674,1.0,0.0,0.0,0.0,1.0,0.0,0.0,0.0,1.0,104.3366465492384,183.85860567507157
10:45:25.456520,56,3,,-0.0004051395106063729,-0.0056454460894024925,0.0895129531544697,0.9477751980879366,0.18190178961927256,-0.2619807489543428,-0.13623883605241435,-0.5117990315511813,-0.8482338892394929,-0.2883767560682654,0.8396269947045406,-0.4602883404160542,,-0.01343000028282404,0.005190230906009674,-0.0061240000650286674,1.0,0.0,0.0,0.0,1.0,0.0,0.0,0.0,1.0,206.7740075185227,183.09350375890196,45,3,,-0.02599147640342019,-0.006788776362703352,0.08950284334655415,0.9559039170127992,0.16315407525972908,-0.24418937152490944,-0.1251252170758655,-0.5259767679443926,-0.8412443875797854,-0.26569038652406135,0.8347030533722237,-0.48236856365209135,,-0.01343000028282404,0.005190230906009674,-0.0061240000650286674,1.0,0.0,0.0,0.0,1.0,0.0,0.0,0.0,1.0,102.67376989895925,183.4072329947723
10:45:25.500686,58,-1,,NaN,NaN,NaN,NaN,NaN,NaN,NaN,NaN,NaN,NaN,NaN,NaN,,NaN,NaN,NaN,NaN,NaN,NaN,NaN,NaN,NaN,NaN,NaN,NaN,-1,-1,46,3,,-0.026393972630626306,-0.007135581187432235,0.08955266994688248,0.956754414420686,0.17138185205360057,-0.2350515927901961,-0.1061170897893854,-0.5467184335522028,-0.8305649388632157,-0.27085079608736967,0.8195896626976841,-0.5048887313635894,,-0.01343000028282404,0.005190230906009674,-0.0061240000650286674,1.0,0.0,0.0,0.0,1.0,0.0,0.0,0.0,1.0,101.16547613737927,180.29794191333355
10:45:25.553161,59,3,,-0.0003846755916125351,-0.005932888923166863,0.09131590709798319,0.9350637228616858,0.1932621919318041,-0.29716251337905836,-0.15307897560912853,-0.5359587865111267,-0.8302499662077562,-0.3197227883878539,0.8218259574455135,-0.4715712398506302,,-0.01343000028282404,0.005190230906009674,-0.0061240000650286674,1.0,0.0,0.0,0.0,1.0,0.0,0.0,0.0,1.0,209.419959004955,182.08175753296294,47,3,,-0.02465139573554946,-0.006926809499233601,0.08072355650353996,0.6504505474007741,0.6145029268666228,0.4464305525592837,-0.17588009288371778,-0.44992788664409666,0.875574719682559,0.7389047829817101,-0.648036302758056,-0.18457700830390802,,-0.01343000028282404,0.005190230906009674,-0.0061240000650286674,1.0,0.0,0.0,0.0,1.0,0.0,0.0,0.0,1.0,53.91282528674347,121.54165557814903
10:45:25.599644,60,3,,-0.0009616029601452637,-0.006231653103988596,0.09115733609112914,0.9448190418174796,0.1772583818071257,-0.2754930930136343,-0.13690626233838618,-0.5503484718296368,-0.8236341632589778,-0.297613261720026,0.815901970603027,-0.49571193329842733,,-0.01343000028282404,0.005190230906009674,-0.0061240000650286674,1.0,0.0,0.0,0.0,1.0,0.0,0.0,0.0,1.0,205.77570418301497,179.67981894360685,48,3,,-0.02719268314089189,-0.007813205471767032,0.08910677667338238,0.9546829274143322,0.17470010041743866,-0.24095722238135486,-0.10649624077143705,-0.5554816225453012,-0.82468097935868,-0.27791915875871703,0.8129698899274046,-0.5117039175795616,,-0.01343000028282404,0.005190230906009674,-0.0061240000650286674,1.0,0.0,0.0,0.0,1.0,0.0,0.0,0.0,1.0,97.63299425635955,177.19644121649088
10:45:25.644886,61,3,,-0.0016814160784034856,-0.005911079640301127,0.08711725007625815,0.951393251150901,0.16965275254809536,-0.25703856756793014,-0.14462684920931945,-0.49074008358771637,-0.859218973747732,-0.2719079920714053,0.854629811037022,-0.44235046053386295,,-0.01343000028282404,0.005190230906009674,-0.0061240000650286674,1.0,0.0,0.0,0.0,1.0,0.0,0.0,0.0,1.0,200.0034746170994,183.05531696497673,49,3,,-0.027380218790707435,-0.007839384199604548,0.0892525986443964,0.952865865735796,0.1812482626709349,-0.24330168350083323,-0.10428685634097398,-0.5574020820976375,-0.8236669050458052,-0.284905060520323,0.8102172462691634,-0.5122276059896858,,-0.01343000028282404,0.005190230906009674,-0.0061240000650286674,1.0,0.0,0.0,0.0,1.0,0.0,0.0,0.0,1.0,97.51218795391705,176.9440201825871
10:45:25.702001,62,3,,-0.0017773306495367746,-0.0063476008064985295,0.08939565739623749,0.9462640081793575,0.19951787687883343,-0.2545133466639799,-0.12131493212951865,-0.5105326964667888,-0.8512573365796974,-0.29977844163105993,0.8363904486805862,-0.4588942179730976,,-0.01343000028282404,0.005190230906009674,-0.0061240000650286674,1.0,0.0,0.0,0.0,1.0,0.0,0.0,0.0,1.0,201.70789423723627,179.7199937703836,50,3,,-0.027355829191961355,-0.007996856140841084,0.08911658422577672,0.9531528392374514,0.1793568741964677,-0.2435790974859247,-0.10657075814163025,-0.5545056687482963,-0.8253278965569519,-0.2830942220581397,0.8126220369916614,-0.5094144544796698,,-0.01343000028282404,0.005190230906009674,-0.0061240000650286674,1.0,0.0,0.0,0.0,1.0,0.0,0.0,0.0,1.0,97.30465730694021,176.50387510907552
