System Time,q_des,q0,q1,q2,q3,q4,q5,T_des,Tx,Ty,Tz,R00,R01,R02,R10,R11,R12,R20,R21,R22,T_target,Tx,Ty,Tz,R00,R01,R02,R10,R11,R12,R20,R21,R22,worldFrame,Tx,Ty,Tz,R00,R01,R02,R10,R11,R12,R20,R21,R22,ECM_T_PSM_RCM,Tx,Ty,Tz,R00,R01,R02,R10,R11,R12,R20,R21,R22,psm3_T_cam,Tx,Ty,Tz,R00,R01,R02,R10,R11,R12,R20,R21,R22,offset,x,y,z,IK Trigered,ECM_T_PSM3,Tx,Ty,Tz,R00,R01,R02,R10,R11,R12,R20,R21,R22
08:07:25.800780,,-0.5906963920836843,-0.3659416972451284,0.18350670127000002,-0.06395134144799214,-0.026157586348184655,0.013118901473159543,,0.012681179072098536,0.44039148145643303,-0.346698911305621,0.9729629899149932,0.21099524364018396,-0.09393629446010833,0.21011752288819063,-0.6397876071312089,0.7392715633220667,0.09588350656399382,-0.7390215321102229,-0.6668234610798058,,-0.02408290150436288,0.2620660325738329,-0.0853291559845437,0.9535482130819463,-6.750710058733844e-05,0.30124043681255536,0.03716626481179515,0.9923861608728383,-0.11742391778512999,-0.2989389136398393,0.1231653488236883,0.9462905593743246,,0.027194247030986173,0.758052222939567,1.1994801867522682,0.9924365357525085,-0.10726834861546562,-0.05969274569720709,-0.04592614198395266,-0.7753849564778317,0.6298166072360598,-0.11384424441327862,-0.6223115543304514,-0.7744467814903666,,0.0,0.0,0.0,1.0,0.0,0.0,0.0,1.0,0.0,0.0,0.0,1.0,,0.0,0.0,0.045,1.0,0.0,0.0,0.0,1.0,0.0,0.0,0.0,1.0,,-0.011918902424781328,-0.15947728233870473,0.25503599610310546,True,,0.012681179072098536,0.44039148145643303,-0.346698911305621,0.058857427443892885,0.8575823195585686,-0.5109680698588048,-0.5325816921193915,-0.40594966866515914,-0.7426719381597056,-0.8443296420557156,0.3158439989792319,0.4328394897128432
08:07:29.703678,,-0.5620373303874372,-0.3647755645811205,0.2025842012,-1.4312519892589977,-1.371998939329398,0.025110665843502467,,0.0038545388812812054,0.4336727280886469,-0.3440654586902012,-0.010512708885685982,0.732896762748426,0.6802586405954447,-0.7761838613755043,0.42291441347909026,-0.4676344856956648,-0.6304189847173834,-0.5329218836044497,0.5644166631872138,,-0.02411978841054701,0.2621248557465739,-0.08530899689539663,0.9536226176063397,-0.00030135966908584333,0.3010045051358053,0.037271616272888504,0.9924218628999034,-0.11708788322777014,-0.29868818113562473,0.12287658426528314,0.9464072142736747,,0.027194247030986173,0.758052222939567,1.1994801867522682,0.9924365357525085,-0.10726834861546562,-0.05969274569720709,-0.04592614198395266,-0.7753849564778317,0.6298166072360598,-0.11384424441327862,-0.6223115543304514,-0.7744467814903666,,0.13282410436417993,0.6064241634724966,-0.4498432444239846,0.9948972203721064,-0.09437588243265708,-0.035675113327276464,-0.054126233911292496,-0.7976548857277658,0.6006804758581764,-0.08514617841357755,-0.5956843762343297,-0.7986928397149188,,0.0,0.0,0.045,1.0,0.0,0.0,0.0,1.0,0.0,0.0,0.0,1.0,,-0.011918902424781328,-0.15947728233870473,0.25503599610310546,False,,0.0038545388812812054,0.4336727280886469,-0.3440654586902012,0.3250252807616886,0.23210395235883674,-0.9167804110937323,0.7738160849006203,-0.6225625274980963,0.11672431667933925,-0.5436609546535984,-0.7473577822265515,-0.3819543319960502
08:07:29.717413,,-0.5620450531203114,-0.3647755645811205,0.2025842012,-1.4312519892589977,-1.371998939329398,0.025110665843502467,,0.0038545388812812054,0.4336727280886469,-0.3440654586902012,-0.009692659592702045,0.7329820528098087,0.6801789195562729,-0.7761593718146587,0.42335266334120025,-0.4672784523024647,-0.630462276345139,-0.5324564138975424,0.56480747640685,,-0.02413208455607735,0.2621444632846058,-0.08530227769465798,0.9536474203574209,-0.00037929452891493146,0.3009258457848999,0.03730675379929525,0.9924337565393763,-0.11697587735153525,-0.2986046125676155,0.12278031559196687,0.9464460842206183,,0.027194247030986173,0.758052222939567,1.1994801867522682,0.9924365357525085,-0.10726834861546562,-0.05969274569720709,-0.04592614198395266,-0.7753849564778317,0.6298166072360598,-0.11384424441327862,-0.6223115543304514,-0.7744467814903666,,0.13282410436417993,0.6064241634724966,-0.4498432444239846,0.9948972203721064,-0.09437588243265708,-0.035675113327276464,-0.054126233911292496,-0.7976548857277658,0.6006804758581764,-0.08514617841357755,-0.5956843762343297,-0.7986928397149188,,0.0,0.0,0.045,1.0,0.0,0.0,0.0,1.0,0.0,0.0,0.0,1.0,,-0.011918902424781328,-0.15947728233870473,0.25503599610310546,False,,0.0038545388812812054,0.4336727280886469,-0.3440654586902012,0.3250252807616886,0.23210395235883674,-0.9167804110937323,0.7738160849006203,-0.6225625274980963,0.11672431667933925,-0.5436609546535984,-0.7473577822265515,-0.3819543319960502
08:07:29.729550,,-0.5620450531203114,-0.3647755645811205,0.2025842012,-1.43104231272966,-1.371998939329398,0.025110665843502467,,0.003853092486420906,0.43367339843837943,-0.34406612700818795,-0.009302915186150654,0.7330268533403924,0.6801360805389772,-0.7761475490868393,0.4235579178222582,-0.4671120553963102,-0.6304827022334012,-0.5322314557896367,0.5649966722490606,,-0.024138299830359235,0.262153747706294,-0.08529894973437092,0.9536599391772207,-0.00041692158487785513,0.30088614429521493,0.03732371657691924,0.9924394145606972,-0.11692251216620152,-0.29856253253436643,0.12273450960003791,0.9464653081671048,,0.027194247030986173,0.758052222939567,1.1994801867522682,0.9924365357525085,-0.10726834861546562,-0.05969274569720709,-0.04592614198395266,-0.7753849564778317,0.6298166072360598,-0.11384424441327862,-0.6223115543304514,-0.7744467814903666,,0.13282410436417993,0.6064241634724966,-0.4498432444239846,0.9948972203721064,-0.09437588243265708,-0.035675113327276464,-0.054126233911292496,-0.7976548857277658,0.6006804758581764,-0.08514617841357755,-0.5956843762343297,-0.7986928397149188,,0.0,0.0,0.045,1.0,0.0,0.0,0.0,1.0,0.0,0.0,0.0,1.0,,-0.011918902424781328,-0.15947728233870473,0.25503599610310546,False,,0.003853092486420906,0.43367339843837943,-0.34406612700818795,0.3250321895619953,0.23210569196378583,-0.9167775212703178,0.7738141931725186,-0.6225641402771697,0.11672825572976381,-0.5436595167872071,-0.74735589848409,-0.3819600644147755
08:07:29.741616,,-0.5620682213189341,-0.3647678418482463,0.20258809007000003,-1.4320906953763486,-1.371998939329398,0.025248429131602912,,0.003853552383319303,0.4336720360111004,-0.3440677911724417,-0.00858930578604902,0.7331172184122354,0.6800480629290995,-0.7761255954931549,0.42392784179609355,-0.4668128586173499,-0.6305198520637628,-0.5318123061923379,0.5653497918420751,,-0.024141975339841422,0.26215973379809,-0.08529692774948326,0.9536673567454103,-0.00044056677704887304,0.30086261763683725,0.03733438328570168,0.9924430389770739,-0.11688838403698906,-0.2985375229599306,0.12270516044167531,0.9464770082247554,,0.027194247030986173,0.758052222939567,1.1994801867522682,0.9924365357525085,-0.10726834861546562,-0.05969274569720709,-0.04592614198395266,-0.7753849564778317,0.6298166072360598,-0.11384424441327862,-0.6223115543304514,-0.7744467814903666,,0.13282410436417993,0.6064241634724966,-0.4498432444239846,0.9948972203721064,-0.09437588243265708,-0.035675113327276464,-0.054126233911292496,-0.7976548857277658,0.6006804758581764,-0.08514617841357755,-0.5956843762343297,-0.7986928397149188,,0.0,0.0,0.045,1.0,0.0,0.0,0.0,1.0,0.0,0.0,0.0,1.0,,-0.011918902424781328,-0.15947728233870473,0.25503599610310546,False,,0.003853552383319303,0.4336720360111004,-0.3440677911724417,0.3250408482810903,0.23228067302385297,-0.9167301325299038,0.773788542042585,-0.6226201519528491,0.1165994793548491,-0.5436908488767489,-0.7472548663754535,-0.3821131056714531
08:07:29.753923,,-0.5621145577161794,-0.3647755645811205,0.20259586781000002,-1.4358648729044268,-1.371998939329398,0.02483513926730152,,0.0038242117555371824,0.4337008280029223,-0.3440300965601143,-0.018642361168323324,0.7313655508389889,0.6817308071490185,-0.7763983092657482,0.41902767038554534,-0.4707669028516666,-0.6299667671705846,-0.5380708526739255,0.560019311955755,,-0.02415678497181082,0.26218284718177165,-0.08528889050485267,0.9536972149723068,-0.0005330006424379037,0.3007679139304371,0.03737608347626668,0.9924570737173452,-0.11675609276635304,-0.29843701265715483,0.12259148716124318,0.9465234686670764,,0.027194247030986173,0.758052222939567,1.1994801867522682,0.9924365357525085,-0.10726834861546562,-0.05969274569720709,-0.04592614198395266,-0.7753849564778317,0.6298166072360598,-0.11384424441327862,-0.6223115543304514,-0.7744467814903666,,0.13282410436417993,0.6064241634724966,-0.4498432444239846,0.9948972203721064,-0.09437588243265708,-0.035675113327276464,-0.054126233911292496,-0.7976548857277658,0.6006804758581764,-0.08514617841357755,-0.5956843762343297,-0.7986928397149188,,0.0,0.0,0.045,1.0,0.0,0.0,0.0,1.0,0.0,0.0,0.0,1.0,,-0.011918902424781328,-0.15947728233870473,0.25503599610310546,False,,0.0038242117555371824,0.4337008280029223,-0.3440300965601143,0.32490570698550003,0.22801651502861958,-0.9178478906891143,0.7743608808183293,-0.6213063181060076,0.11976512572455461,-0.5429562669557413,-0.7496578739370117,-0.37843303795747796
08:07:29.767842,,-0.5622921805722866,-0.3647755645811205,0.20266457118000003,-1.444880963665947,-1.3705233831764236,0.01919673068140848,,0.00378576657898419,0.43371142405101476,-0.34398847195129545,-0.030261394342863977,0.7285846892400618,0.6842869271127341,-0.7766154171897504,0.4138421841183543,-0.47497698936615873,-0.6292477586734938,-0.545801243356144,0.5533066608629177,,-0.024156921630240677,0.26218245617881436,-0.08528916013956041,0.9536973085990011,-0.0005319308374963569,0.3007676189457437,0.03737559550812215,0.9924568439405496,-0.11675820211729505,-0.2984367745723057,0.122593351984657,0.9465233022053557,,0.027194247030986173,0.758052222939567,1.1994801867522682,0.9924365357525085,-0.10726834861546562,-0.05969274569720709,-0.04592614198395266,-0.7753849564778317,0.6298166072360598,-0.11384424441327862,-0.6223115543304514,-0.7744467814903666,,0.13282410436417993,0.6064241634724966,-0.4498432444239846,0.9948972203721064,-0.09437588243265708,-0.035675113327276464,-0.054126233911292496,-0.7976548857277658,0.6006804758581764,-0.08514617841357755,-0.5956843762343297,-0.7986928397149188,,0.0,0.0,0.045,1.0,0.0,0.0,0.0,1.0,0.0,0.0,0.0,1.0,,-0.011918902424781328,-0.15947728233870473,0.25503599610310546,False,,0.00378576657898419,0.43371142405101476,-0.34398847195129545,0.3244344366752149,0.22301445888456822,-0.9192425400446064,0.7749087768811869,-0.6199731430163415,0.12308407472513494,-0.5424561584236459,-0.7522618248102604,-0.3739564989693295
08:07:29.779632,,-0.5624234670311483,-0.3647678418482463,0.20272420052,-1.4526389952514411,-1.369584392897258,0.01286591066365872,,0.003732362552590074,0.4337120313962275,-0.34393328166459125,-0.0466774764363784,0.723811498251115,0.6884171178820347,-0.7767427101194251,0.40702916577299425,-0.4806225343098999,-0.6280859618474702,-0.5571572248563382,0.543216210472885,,-0.024156835013645232,0.26218224362261117,-0.08528948592826141,0.9536970367841094,-0.0005315112121523982,0.3007684815819518,0.03737565612087434,0.9924566994893963,-0.11675941056814725,-0.2984376356071996,0.12259452321583693,0.9465228790255092,,0.027194247030986173,0.758052222939567,1.1994801867522682,0.9924365357525085,-0.10726834861546562,-0.05969274569720709,-0.04592614198395266,-0.7753849564778317,0.6298166072360598,-0.11384424441327862,-0.6223115543304514,-0.7744467814903666,,0.13282410436417993,0.6064241634724966,-0.4498432444239846,0.9948972203721064,-0.09437588243265708,-0.035675113327276464,-0.054126233911292496,-0.7976548857277658,0.6006804758581764,-0.08514617841357755,-0.5956843762343297,-0.7986928397149188,,0.0,0.0,0.045,1.0,0.0,0.0,0.0,1.0,0.0,0.0,0.0,1.0,,-0.011918902424781328,-0.15947728233870473,0.25503599610310546,False,,0.003732362552590074,0.4337120313962275,-0.34393328166459125,0.3233407913998737,0.2153344711751604,-0.9214563463022096,0.7756225444100839,-0.6181413210126123,0.12771443089804024,-0.542088923719837,-0.7559976010414959,-0.3668885743652591
08:07:29.791100,,-0.5625701989557587,-0.36478328731399473,0.20280197792000001,-1.4650099104823642,-1.3693161099603537,0.005359608957862194,,0.0036586578566520367,0.43372301468893404,-0.34384800870518617,-0.07309335439179661,0.7163462431435048,0.6939059168777436,-0.7765053531531877,0.39574214266151325,-0.4903341646735599,-0.6258568510995134,-0.5746618279091289,0.5273205718307795,,-0.02415708758738416,0.2621825050700476,-0.0852896489408641,0.9536973085986481,-0.0005319308323348433,0.3007676189468734,0.037375595502556355,0.9924568439408888,-0.11675820211619524,-0.2984367745741321,0.12259335198193506,0.9465233022051326,,0.027194247030986173,0.758052222939567,1.1994801867522682,0.9924365357525085,-0.10726834861546562,-0.05969274569720709,-0.04592614198395266,-0.7753849564778317,0.6298166072360598,-0.11384424441327862,-0.6223115543304514,-0.7744467814903666,,0.13282410436417993,0.6064241634724966,-0.4498432444239846,0.9948972203721064,-0.09437588243265708,-0.035675113327276464,-0.054126233911292496,-0.7976548857277658,0.6006804758581764,-0.08514617841357755,-0.5956843762343297,-0.7986928397149188,,0.0,0.0,0.045,1.0,0.0,0.0,0.0,1.0,0.0,0.0,0.0,1.0,,-0.011918902424781328,-0.15947728233870473,0.25503599610310546,False,,0.0036586578566520367,0.43372301468893404,-0.34384800870518617,0.32228838228950696,0.203005106145902,-0.9246183675008323,0.7766695261754513,-0.6151256643660681,0.1356645279673498,-0.541215895693773,-0.7618460106326572,-0.3559157348748331
08:07:29.804037,,-0.5627400990789916,-0.36482190097836587,0.20285123694,-1.478219531830638,-1.3691819684919013,-0.0027675262922252086,,0.0034870730571438247,0.4338102278070491,-0.3436181530571994,-0.14960952743449504,0.6931676601638075,0.7050784241514269,-0.7727117500941801,0.36293444339276243,-0.5207639974744558,-0.6168740070445636,-0.6227336386467476,0.48132034522817096,,-0.024157423140451547,0.26218279095707053,-0.08529005635677919,0.9536975804081907,-0.0005323504566088384,0.30076675630845945,0.03737553489072465,0.9924569883857973,-0.11675699366455047,-0.29843591353748483,0.12259218074960165,0.9465237253782189,,0.027194247030986173,0.758052222939567,1.1994801867522682,0.9924365357525085,-0.10726834861546562,-0.05969274569720709,-0.04592614198395266,-0.7753849564778317,0.6298166072360598,-0.11384424441327862,-0.6223115543304514,-0.7744467814903666,,0.13282410436417993,0.6064241634724966,-0.4498432444239846,0.9948972203721064,-0.09437588243265708,-0.035675113327276464,-0.054126233911292496,-0.7976548857277658,0.6006804758581764,-0.08514617841357755,-0.5956843762343297,-0.7986928397149188,,0.0,0.0,0.045,1.0,0.0,0.0,0.0,1.0,0.0,0.0,0.0,1.0,,-0.011918902424781328,-0.15947728233870473,0.25503599610310546,False,,0.0034870730571438247,0.4338102278070491,-0.3436181530571994,0.3212702904936109,0.1669714687284734,-0.9321512372339629,0.7798037633216821,-0.6051347687331304,0.16036833346905888,-0.537300187191009,-0.7784166238595869,-0.32461680262048886
08:07:29.817217,,-0.562925444667973,-0.36485279190986275,0.20289271822000002,-1.4817840328293783,-1.3693161099603537,-0.009449944512935071,,0.003426374476548699,0.4338154842144639,-0.343592873652619,-0.16673173164798297,0.6869741117277841,0.7072956238218127,-0.7712220663540076,0.3560848608496784,-0.5276552816397464,-0.6143427821911152,-0.6334588713480043,0.47043894851531254,,-0.024156855767264312,0.26218120013745466,-0.08528986222782825,0.953696952130052,-0.0005289520471403845,0.3007687541910661,0.0373747408741769,0.9924560953545345,-0.11676483772216728,-0.2984380204204924,0.12259942411540012,0.9465221228075629,,0.027194247030986173,0.758052222939567,1.1994801867522682,0.9924365357525085,-0.10726834861546562,-0.05969274569720709,-0.04592614198395266,-0.7753849564778317,0.6298166072360598,-0.11384424441327862,-0.6223115543304514,-0.7744467814903666,,0.13282410436417993,0.6064241634724966,-0.4498432444239846,0.9948972203721064,-0.09437588243265708,-0.035675113327276464,-0.054126233911292496,-0.7976548857277658,0.6006804758581764,-0.08514617841357755,-0.5956843762343297,-0.7986928397149188,,0.0,0.0,0.045,1.0,0.0,0.0,0.0,1.0,0.0,0.0,0.0,1.0,,-0.011918902424781328,-0.15947728233870473,0.25503599610310546,False,,0.003426374476548699,0.4338154842144639,-0.343592873652619,0.3214384205712997,0.15777277150093721,-0.9336943259726611,0.7801869456015427,-0.6029226419744855,0.16671118051121392,-0.5366429648225759,-0.7820435028612027,-0.31689475845936
08:07:29.828901,,-0.5636899952225212,-0.3647755645811205,0.20294975498,-1.479477591006664,-1.3698526758341625,-0.013104266638951256,,0.003361545088547052,0.43381182200878626,-0.3436137356352811,-0.16637227169297095,0.6867592201543916,0.7075888924683965,-0.771255780770105,0.3564866854653008,-0.5273345842201697,-0.614397906767606,-0.633465876443945,0.4703575188520841,,-0.0241559358641184,0.262176356644644,-0.08528957511149685,0.9536960696918374,-0.0005178764562754658,0.30077156959170204,0.03737120154676181,0.9924533893196571,-0.11678896325943809,-0.2984412816043238,0.12262137027549115,0.9465182510667544,,0.027194247030986173,0.758052222939567,1.1994801867522682,0.9924365357525085,-0.10726834861546562,-0.05969274569720709,-0.04592614198395266,-0.7753849564778317,0.6298166072360598,-0.11384424441327862,-0.6223115543304514,-0.7744467814903666,,0.13282410436417993,0.6064241634724966,-0.4498432444239846,0.9948972203721064,-0.09437588243265708,-0.035675113327276464,-0.054126233911292496,-0.7976548857277658,0.6006804758581764,-0.08514617841357755,-0.5956843762343297,-0.7986928397149188,,0.0,0.0,0.045,1.0,0.0,0.0,0.0,1.0,0.0,0.0,0.0,1.0,,-0.011918902424781328,-0.15947728233870473,0.25503599610310546,False,,0.003361545088547052,0.43381182200878626,-0.3436137356352811,0.3220482114366673,0.15741141257976327,-0.9335451765715932,0.779675057702327,-0.6034447360948353,0.16721619202788812,-0.5370211857155327,-0.7817135649770177,-0.3170680501463451
08:07:29.840550,,-0.564130190996352,-0.3647446736496236,0.2029860511,-1.4828324154760668,-1.3698526758341625,-0.013173148283001479,,0.003258543768535127,0.4338408128655444,-0.3436398516105431,-0.16825748017291062,0.685922751837611,0.7079543762682605,-0.7710777950129993,0.35584311844040317,-0.5280290797830174,-0.6141078524198771,-0.6347327418450449,0.469026536590541,,-0.02415563614032365,0.2621673830827637,-0.08528978532799546,0.9536961226769171,-0.0004961043729116606,0.30077143359700315,0.03736278427498656,0.9924483825301241,-0.11683418233159162,-0.2984421614630984,0.1226619651331331,0.9465127122059388,,0.027194247030986173,0.758052222939567,1.1994801867522682,0.9924365357525085,-0.10726834861546562,-0.05969274569720709,-0.04592614198395266,-0.7753849564778317,0.6298166072360598,-0.11384424441327862,-0.6223115543304514,-0.7744467814903666,,0.13282410436417993,0.6064241634724966,-0.4498432444239846,0.9948972203721064,-0.09437588243265708,-0.035675113327276464,-0.054126233911292496,-0.7976548857277658,0.6006804758581764,-0.08514617841357755,-0.5956843762343297,-0.7986928397149188,,0.0,0.0,0.045,1.0,0.0,0.0,0.0,1.0,0.0,0.0,0.0,1.0,,-0.011918902424781328,-0.15947728233870473,0.25503599610310546,False,,0.003258543768535127,0.4338408128655444,-0.3436398516105431,0.32270429175942295,0.15648808173208617,-0.9334738455660456,0.7795919585422315,-0.6032280399871557,0.16838144182047698,-0.5367479094103091,-0.7820661174408894,-0.3166611275395137
08:07:29.851820,,-0.5646012777016797,-0.3647137827181267,0.20300160658000002,-1.484719504240106,-1.3697185343657103,-0.01310336789111266,,0.0031511918734020705,0.43387816926320477,-0.3436280254574843,-0.1746726861832043,0.6830815405822476,0.709146713746406,-0.7704504613709376,0.3536431418699363,-0.5304173967562428,-0.6131032044238989,-0.6390118442753182,0.4645086905548737,,-0.024153445532141854,0.2621555504454011,-0.08529010219255252,0.9536935509715245,-0.00046906696114583715,0.3007796269309088,0.03735448722356659,0.992441697457076,-0.1168935951965236,-0.2984514136082708,0.12271613703947125,0.9465027715704382,,0.027194247030986173,0.758052222939567,1.1994801867522682,0.9924365357525085,-0.10726834861546562,-0.05969274569720709,-0.04592614198395266,-0.7753849564778317,0.6298166072360598,-0.11384424441327862,-0.6223115543304514,-0.7744467814903666,,0.13282410436417993,0.6064241634724966,-0.4498432444239846,0.9948972203721064,-0.09437588243265708,-0.035675113327276464,-0.054126233911292496,-0.7976548857277658,0.6006804758581764,-0.08514617841357755,-0.5956843762343297,-0.7986928397149188,,0.0,0.0,0.045,1.0,0.0,0.0,0.0,1.0,0.0,0.0,0.0,1.0,,-0.011918902424781328,-0.15947728233870473,0.25503599610310546,False,,0.0031511918734020705,0.43387816926320477,-0.3436280254574843,0.32298753804432634,0.15367198520403935,-0.9338436545972321,0.7798722520746176,-0.6022327783563237,0.17063103796580298,-0.5361700483168833,-0.7833904528628575,-0.3143581995927549
08:07:29.863175,,-0.5649796916125167,-0.3647755645811205,0.20299771771000003,-1.48346144506408,-1.369584392897258,-0.013102469143274065,,0.0030506232500909503,0.4339229890499602,-0.3436396774679902,-0.1781461368568749,0.6814515543199429,0.7098505004843664,-0.7700967948256859,0.3525167100650464,-0.5316793166224555,-0.6125478597809129,-0.6413702115314133,0.46198416773518686,,-0.02415021775715233,0.26214444671945586,-0.08529151427210618,0.9536888819508278,-0.00044485870855026644,0.3007944706282706,0.037348993808262544,0.9924352938997449,-0.11694971184260894,-0.2984670235073257,0.12276801105861546,0.9464911232313915,,0.027194247030986173,0.758052222939567,1.1994801867522682,0.9924365357525085,-0.10726834861546562,-0.05969274569720709,-0.04592614198395266,-0.7753849564778317,0.6298166072360598,-0.11384424441327862,-0.6223115543304514,-0.7744467814903666,,0.13282410436417993,0.6064241634724966,-0.4498432444239846,0.9948972203721064,-0.09437588243265708,-0.035675113327276464,-0.054126233911292496,-0.7976548857277658,0.6006804758581764,-0.08514617841357755,-0.5956843762343297,-0.7986928397149188,,0.0,0.0,0.045,1.0,0.0,0.0,0.0,1.0,0.0,0.0,0.0,1.0,,-0.011918902424781328,-0.15947728233870473,0.25503599610310546,False,,0.0030506232500909503,0.4339229890499602,-0.3436396774679902,0.3232230527425969,0.1522414670552541,-0.933996463528969,0.7799895004583525,-0.6017359174912346,0.1718437219560615,-0.5358574785803465,-0.7840512874231165,-0.3132416660338585
08:07:29.874671,,-0.5653658282562279,-0.36482190097836587,0.20297697707,-1.4798969440653393,-1.3694502514288058,-0.01261939888708391,,0.002929639493331415,0.43396011983906957,-0.343776742950329,-0.16708935559060106,0.6853803103215141,0.7087559364632529,-0.7711884199772584,0.35703177259374913,-0.5270642600779768,-0.6142878544634409,-0.6346511983618641,0.4689011497923119,,-0.024148728894731058,0.26213473338484544,-0.08529384839175047,0.9536862095177929,-0.00042251880522664945,0.30080298005599126,0.03734258889309673,0.9924296703530098,-0.11699947869498724,-0.2984763682227908,0.12281355152423869,0.9464822696340685,,0.027194247030986173,0.758052222939567,1.1994801867522682,0.9924365357525085,-0.10726834861546562,-0.05969274569720709,-0.04592614198395266,-0.7753849564778317,0.6298166072360598,-0.11384424441327862,-0.6223115543304514,-0.7744467814903666,,0.13282410436417993,0.6064241634724966,-0.4498432444239846,0.9948972203721064,-0.09437588243265708,-0.035675113327276464,-0.054126233911292496,-0.7976548857277658,0.6006804758581764,-0.08514617841357755,-0.5956843762343297,-0.7986928397149188,,0.0,0.0,0.045,1.0,0.0,0.0,0.0,1.0,0.0,0.0,0.0,1.0,,-0.011918902424781328,-0.15947728233870473,0.25503599610310546,False,,0.002929639493331415,0.43396011983906957,-0.343776742950329,0.32380715187681886,0.15704867206676076,-0.9329976650536109,0.7793264972171876,-0.6034257603749584,0.16890104336886802,-0.536469140891265,-0.7818011680203416,-0.3177857683305185
08:07:29.889561,,-0.5661998834066442,-0.36509991936183794,0.20293808837000002,-1.471509882891832,-1.3703892417079715,-0.009526016139694282,,0.002869740341649274,0.43396666863149613,-0.34387810848650835,-0.15634474823785502,0.6894907560214594,0.7072190728900049,-0.7721540515750487,0.361168590403391,-0.5228148524499517,-0.6159013235370411,-0.6278214289644659,0.475926268447474,,-0.024149056256084964,0.26212403247175986,-0.08529595335669628,0.9536863660125702,-0.0003960511044062247,0.3008025205295388,0.03733228582289114,0.9924235885199114,-0.11705434343142715,-0.29847715766644334,0.12286277721282077,0.9464756321525541,,0.027194247030986173,0.758052222939567,1.1994801867522682,0.9924365357525085,-0.10726834861546562,-0.05969274569720709,-0.04592614198395266,-0.7753849564778317,0.6298166072360598,-0.11384424441327862,-0.6223115543304514,-0.7744467814903666,,0.13282410436417993,0.6064241634724966,-0.4498432444239846,0.9948972203721064,-0.09437588243265708,-0.035675113327276464,-0.054126233911292496,-0.7976548857277658,0.6006804758581764,-0.08514617841357755,-0.5956843762343297,-0.7986928397149188,,0.0,0.0,0.045,1.0,0.0,0.0,0.0,1.0,0.0,0.0,0.0,1.0,,-0.011918902424781328,-0.15947728233870473,0.25503599610310546,False,,0.002869740341649274,0.43396666863149613,-0.34387810848650835,0.324562585847629,0.16199581473075586,-0.9318886649582231,0.7787406033363315,-0.6049692643511303,0.16605800765340617,-0.5368632978545534,-0.77959575755655,-0.32250310729753007
08:07:29.901283,,-0.5666632473790977,-0.3652543740193224,0.20289401451000003,-1.4652195870117017,-1.3717306563924938,-0.006504211279871108,,0.00281772768510799,0.4339777457359155,-0.34399557135383674,-0.14458665205204374,0.6942879741891463,0.7050240484867963,-0.7731038652290537,0.36544057271566766,-0.5184241520040728,-0.6175800463229671,-0.6200140294457668,0.48391888749473877,,-0.024148212757732213,0.26211883732639246,-0.08529705214023747,0.9536849402383158,-0.0003841376549046406,0.3008070573045132,0.03732887176179084,0.9924205862641333,-0.11708088578177203,-0.2984821412060198,0.12288706571773392,0.9464709076266706,,0.027194247030986173,0.758052222939567,1.1994801867522682,0.9924365357525085,-0.10726834861546562,-0.05969274569720709,-0.04592614198395266,-0.7753849564778317,0.6298166072360598,-0.11384424441327862,-0.6223115543304514,-0.7744467814903666,,0.13282410436417993,0.6064241634724966,-0.4498432444239846,0.9948972203721064,-0.09437588243265708,-0.035675113327276464,-0.054126233911292496,-0.7976548857277658,0.6006804758581764,-0.08514617841357755,-0.5956843762343297,-0.7986928397149188,,0.0,0.0,0.045,1.0,0.0,0.0,0.0,1.0,0.0,0.0,0.0,1.0,,-0.011918902424781328,-0.15947728233870473,0.25503599610310546,False,,0.00281772768510799,0.4339777457359155,-0.34399557135383674,0.32569083855433867,0.16740635437831142,-0.9305377962208388,0.7781181729732389,-0.6065389942724781,0.16322547998311993,-0.5370824765066915,-0.7772294133270399,-0.3278061202734708
08:07:29.914702,,-0.5671652250159223,-0.36537793774531,0.20283179259000003,-1.4564131727795193,-1.3732062125454683,-0.0021056722868819655,,0.002735927307954439,0.4340285040647368,-0.3443215026615667,-0.10298758706740344,0.7105736354831995,0.6960450168388702,-0.7755757976786419,0.38077638613606113,-0.5034794194565451,-0.6227967075741268,-0.5916877997029772,0.5118884729288962,,-0.02414942146874338,0.2621152549087397,-0.08529812032725623,0.9536864197879181,-0.0003742822778057542,0.30080237845761654,0.037323873760299636,0.9924185705727905,-0.11709956229920152,-0.29847803842244053,0.1229033724350796,0.9464700839881081,,0.027194247030986173,0.758052222939567,1.1994801867522682,0.9924365357525085,-0.10726834861546562,-0.05969274569720709,-0.04592614198395266,-0.7753849564778317,0.6298166072360598,-0.11384424441327862,-0.6223115543304514,-0.7744467814903666,,0.13282410436417993,0.6064241634724966,-0.4498432444239846,0.9948972203721064,-0.09437588243265708,-0.035675113327276464,-0.054126233911292496,-0.7976548857277658,0.6006804758581764,-0.08514617841357755,-0.5956843762343297,-0.7986928397149188,,0.0,0.0,0.045,1.0,0.0,0.0,0.0,1.0,0.0,0.0,0.0,1.0,,-0.011918902424781328,-0.15947728233870473,0.25503599610310546,False,,0.002735927307954439,0.4340285040647368,-0.3443215026615667,0.32968617202803374,0.18743623024292383,-0.9252970807075012,0.7757854430153626,-0.6123218527584007,0.15237747550073616,-0.5380185632289649,-0.7680687522786236,-0.3472843466011666
08:07:29.926827,,-0.5676980935842437,-0.3655401151356687,0.20277605212000002,-1.4465583759006482,-1.3744134857615382,0.0038789420149394904,,0.002692526596301481,0.43404014232304394,-0.3445115369523444,-0.07296821860561223,0.7198555983498653,0.690277883607668,-0.7765077663937529,0.3933300887303058,-0.49226733593606936,-0.625868458866325,-0.5719260081721826,0.5302728669020546,,-0.024153793042805034,0.26210999017416264,-0.0852974814783577,0.9536934656037086,-0.0003572385196397264,0.3007800602398867,0.03731156130608118,0.992415875539491,-0.11712632480603952,-0.29845706500294533,0.1229251843614945,0.946473865456412,,0.027194247030986173,0.758052222939567,1.1994801867522682,0.9924365357525085,-0.10726834861546562,-0.05969274569720709,-0.04592614198395266,-0.7753849564778317,0.6298166072360598,-0.11384424441327862,-0.6223115543304514,-0.7744467814903666,,0.13282410436417993,0.6064241634724966,-0.4498432444239846,0.9948972203721064,-0.09437588243265708,-0.035675113327276464,-0.054126233911292496,-0.7976548857277658,0.6006804758581764,-0.08514617841357755,-0.5956843762343297,-0.7986928397149188,,0.0,0.0,0.045,1.0,0.0,0.0,0.0,1.0,0.0,0.0,0.0,1.0,,-0.011918902424781328,-0.15947728233870473,0.25503599610310546,False,,0.002692526596301481,0.43404014232304394,-0.3445115369523444,0.3316368937510533,0.201461068425977,-0.9216454896606487,0.7743835249063844,-0.6161189201297603,0.14397094363690843,-0.5388386837047952,-0.7614531595356359,-0.3603358971522014
08:07:29.939785,,-0.5688796717140001,-0.3658181335191408,0.20255179395000003,-1.4245423403201922,-1.375889041914513,0.024395785715679963,,0.002656309696194764,0.43408006768022483,-0.3447201475235983,-0.03625219290430584,0.7295235447082791,0.6829942724693209,-0.7766862376013357,0.40949385166052477,-0.47861599824171125,-0.6288435948869245,-0.5478231312828038,0.5517658470775385,,-0.024155376140155456,0.2621065902004623,-0.08529648228875439,0.9536964917680376,-0.0003473428375213479,0.3007704781113586,0.0373052829314925,0.9924141229246503,-0.11714317754843163,-0.2984481814583284,0.12293936527286654,0.9464748253448508,,0.027194247030986173,0.758052222939567,1.1994801867522682,0.9924365357525085,-0.10726834861546562,-0.05969274569720709,-0.04592614198395266,-0.7753849564778317,0.6298166072360598,-0.11384424441327862,-0.6223115543304514,-0.7744467814903666,,0.13282410436417993,0.6064241634724966,-0.4498432444239846,0.9948972203721064,-0.09437588243265708,-0.035675113327276464,-0.054126233911292496,-0.7976548857277658,0.6006804758581764,-0.08514617841357755,-0.5956843762343297,-0.7986928397149188,,0.0,0.0,0.045,1.0,0.0,0.0,0.0,1.0,0.0,0.0,0.0,1.0,,-0.011918902424781328,-0.15947728233870473,0.25503599610310546,False,,0.002656309696194764,0.43408006768022483,-0.3447201475235983,0.33344350245226895,0.218774997518548,-0.9170348581886753,0.7728878318832593,-0.6204451944495296,0.1330118792111471,-0.5398701973615131,-0.7531170301787401,-0.375971952219306
08:07:29.951202,,-0.5694357084809443,-0.36604209277249333,0.20241179463000003,-1.4113327189719183,-1.376023183382965,0.03672470125283067,,0.0026451008744855786,0.43413855576768734,-0.34495581631497285,0.0075341487756490156,0.738767767421963,0.6739179641622524,-0.7755238821280209,0.4297673491171618,-0.4624529531551195,-0.6312732727205468,-0.5191552864521135,0.5761699781292967,,-0.024155917587194348,0.26210792911663783,-0.0852958866279718,0.9536974855000266,-0.00035009072087164445,0.30076732395325334,0.037305526700700316,0.9924149333041601,-0.11713623437293168,-0.29844497549648485,0.12293281564323745,0.9464766869868038,,0.027194247030986173,0.758052222939567,1.1994801867522682,0.9924365357525085,-0.10726834861546562,-0.05969274569720709,-0.04592614198395266,-0.7753849564778317,0.6298166072360598,-0.11384424441327862,-0.6223115543304514,-0.7744467814903666,,0.13282410436417993,0.6064241634724966,-0.4498432444239846,0.9948972203721064,-0.09437588243265708,-0.035675113327276464,-0.054126233911292496,-0.7976548857277658,0.6006804758581764,-0.08514617841357755,-0.5956843762343297,-0.7986928397149188,,0.0,0.0,0.045,1.0,0.0,0.0,0.0,1.0,0.0,0.0,0.0,1.0,,-0.011918902424781328,-0.15947728233870473,0.25503599610310546,False,,0.0026451008744855786,0.43413855576768734,-0.34495581631497285,0.33491265666095893,0.23904259616872914,-0.9114231452103974,0.7713950464846996,-0.6250300717524375,0.11952862278137155,-0.5410944415415551,-0.7430989480695401,-0.3937267564069985
08:07:29.962600,,-0.5699145179191462,-0.3662506065600974,0.20230160998000002,-1.3972843915062938,-1.376559749256774,0.04774216930951136,,0.0026478996119198572,0.43417410781392385,-0.3451996305556202,0.05476680310783174,0.7456293178675147,0.6641065559183801,-0.7725953417703485,0.4529769659272336,-0.4448688640645872,-0.6325322404052669,-0.48872158605465993,0.6008778379771642,,-0.02415757105991606,0.2621070803872708,-0.08529459777231864,0.9537005869229658,-0.00034638159217587755,0.30075749405318447,0.03730156470610418,0.9924146232518634,-0.11714012349705874,-0.2984355600122663,0.1229353296746808,0.9464793293804734,,0.027194247030986173,0.758052222939567,1.1994801867522682,0.9924365357525085,-0.10726834861546562,-0.05969274569720709,-0.04592614198395266,-0.7753849564778317,0.6298166072360598,-0.11384424441327862,-0.6223115543304514,-0.7744467814903666,,0.13282410436417993,0.6064241634724966,-0.4498432444239846,0.9948972203721064,-0.09437588243265708,-0.035675113327276464,-0.054126233911292496,-0.7976548857277658,0.6006804758581764,-0.08514617841357755,-0.5956843762343297,-0.7986928397149188,,0.0,0.0,0.045,1.0,0.0,0.0,0.0,1.0,0.0,0.0,0.0,1.0,,-0.011918902424781328,-0.15947728233870473,0.25503599610310546,False,,0.0026478996119198572,0.43417410781392385,-0.3451996305556202,0.336010116651692,0.2598803849692024,-0.9052951933021492,0.76989930921301,-0.6294580914866019,0.10505981503588879,-0.5425423994316451,-0.7322873046627971,-0.41158601561356445
08:07:29.974522,,-0.5703778818915997,-0.36646684308057564,0.20221475855,-1.3817683283353055,-1.3774987395359395,0.0604789822239315,,0.002663564954769826,0.4341586728989653,-0.3457108095719109,0.1678657216747023,0.7504872794423826,0.6392104057990626,-0.7584478979256014,0.5125317848189518,-0.402576645724185,-0.6297443017756237,-0.41722896944659843,0.6552420174528352,,-0.02415833945328897,0.2621084288125738,-0.08529337576215544,0.9537022178076514,-0.0003488992900532034,0.30075231959028187,0.037301199017361765,0.9924154928267864,-0.11713287271349695,-0.2984303939305057,0.12292830263016938,0.9464818709895247,,0.027194247030986173,0.758052222939567,1.1994801867522682,0.9924365357525085,-0.10726834861546562,-0.05969274569720709,-0.04592614198395266,-0.7753849564778317,0.6298166072360598,-0.11384424441327862,-0.6223115543304514,-0.7744467814903666,,0.13282410436417993,0.6064241634724966,-0.4498432444239846,0.9948972203721064,-0.09437588243265708,-0.035675113327276464,-0.054126233911292496,-0.7976548857277658,0.6006804758581764,-0.08514617841357755,-0.5956843762343297,-0.7986928397149188,,0.0,0.0,0.045,1.0,0.0,0.0,0.0,1.0,0.0,0.0,0.0,1.0,,-0.011918902424781328,-0.15947728233870473,0.25503599610310546,False,,0.002663564954769826,0.4341586728989653,-0.3457108095719109,0.33960420585824835,0.3071620196898812,-0.8889997058623933,0.7660219439644018,-0.638778579404762,0.07191875873952092,-0.5457832580140101,-0.7054171958165377,-0.452224739612889
08:07:29.986079,,-0.5707949094668078,-0.3666985250668024,0.20215253663000002,-1.3645748529296158,-1.3785718712835573,0.07562575393227072,,0.0026740420325691017,0.4341031195444579,-0.34595864782837626,0.2351431719054218,0.7454095064361559,0.6237566483981262,-0.7451256905486242,0.5503161790084965,-0.3767489992102491,-0.6240956609292305,-0.37618714868545794,0.6848268651076796,,-0.024154521994573123,0.262112505730738,-0.0852939530186828,0.9536960905703679,-0.0003625040801150149,0.30077173161537,0.03731143931639361,0.9924175554751545,-0.11711213087540231,-0.29844869315219885,0.1229116076407358,0.946478268836762,,0.027194247030986173,0.758052222939567,1.1994801867522682,0.9924365357525085,-0.10726834861546562,-0.05969274569720709,-0.04592614198395266,-0.7753849564778317,0.6298166072360598,-0.11384424441327862,-0.6223115543304514,-0.7744467814903666,,0.13282410436417993,0.6064241634724966,-0.4498432444239846,0.9948972203721064,-0.09437588243265708,-0.035675113327276464,-0.054126233911292496,-0.7976548857277658,0.6006804758581764,-0.08514617841357755,-0.5956843762343297,-0.7986928397149188,,0.0,0.0,0.045,1.0,0.0,0.0,0.0,1.0,0.0,0.0,0.0,1.0,,-0.011918902424781328,-0.15947728233870473,0.25503599610310546,False,,0.0026740420325691017,0.4341031195444579,-0.34595864782837626,0.3417852081907708,0.33450075732769735,-0.8782323808703416,0.7638465982313501,-0.6432787312023932,0.052257519583633893,-0.5474680317903378,-0.6886956637948554,-0.47537042065927676
08:07:29.999183,,-0.5717216374117147,-0.36715416630638165,0.20196716716000002,-1.3270427541781713,-1.3791084371573663,0.11447140618524015,,0.0026888391459987393,0.43404790773836505,-0.34620589550959746,0.3073274415186824,0.7334914047699627,0.6062509404678621,-0.7265498935130568,0.5922959954482289,-0.3482968647750899,-0.6145527608966919,-0.33343037189880886,0.7149469149312242,,-0.024152966995467245,0.26211523823493593,-0.08529418826915823,0.9536935236780497,-0.0003706806090931873,0.3007798603355991,0.03731668129158178,0.9924189916918225,-0.11709828828740503,-0.29845623981582126,0.12289998542857418,0.9464773982455832,,0.027194247030986173,0.758052222939567,1.1994801867522682,0.9924365357525085,-0.10726834861546562,-0.05969274569720709,-0.04592614198395266,-0.7753849564778317,0.6298166072360598,-0.11384424441327862,-0.6223115543304514,-0.7744467814903666,,0.13282410436417993,0.6064241634724966,-0.4498432444239846,0.9948972203721064,-0.09437588243265708,-0.035675113327276464,-0.054126233911292496,-0.7976548857277658,0.6006804758581764,-0.08514617841357755,-0.5956843762343297,-0.7986928397149188,,0.0,0.0,0.045,1.0,0.0,0.0,0.0,1.0,0.0,0.0,0.0,1.0,,-0.011918902424781328,-0.15947728233870473,0.25503599610310546,False,,0.0026888391459987393,0.43404790773836505,-0.34620589550959746,0.3434327416167978,0.3638474518901264,-0.8658342703650812,0.7616779158544116,-0.6472551702773223,0.030124691682321292,-0.5494549157895032,-0.6698326479818204,-0.49942318649859774
08:07:30.012124,,-0.5721850013841682,-0.3673858482926084,0.20184401961,-1.3077525134791046,-1.3791084371573663,0.13568695255270774,,0.002737214886437772,0.4340023840944421,-0.3464773641779744,0.39004275947579814,0.7121591634242243,0.5836916752288089,-0.6994364555301853,0.6414269822138183,-0.31521432575859354,-0.5988783603169141,-0.2853081709993292,0.748294031183693,,-0.024152298323957266,0.2621140077789139,-0.08529372983228459,0.9536910545138334,-0.00037285727533585555,0.30078768670996514,0.03731911097194516,0.9924192344568087,-0.11709545676503857,-0.2984638260411864,0.12289801876434625,0.9464752614237956,,0.027194247030986173,0.758052222939567,1.1994801867522682,0.9924365357525085,-0.10726834861546562,-0.05969274569720709,-0.04592614198395266,-0.7753849564778317,0.6298166072360598,-0.11384424441327862,-0.6223115543304514,-0.7744467814903666,,0.1327985151251469,0.6064208813492494,-0.4498589905191357,0.9948916978570719,-0.09442643765216413,-0.03569534153632663,-0.054152333940877574,-0.7976366160588071,0.600702383423781,-0.08519409758797097,-0.5957008280962663,-0.7986754592083034,,0.0,0.0,0.045,1.0,0.0,0.0,0.0,1.0,0.0,0.0,0.0,1.0,,-0.011918902424781328,-0.15947728233870473,0.25503599610310546,False,,0.002737214886437772,0.4340023840944421,-0.3464773641779744,0.3451051947019556,0.39786561252909447,-0.8500619735975569,0.7592102574363457,-0.6508354684330748,0.003602503703990234,-0.5518171704406837,-0.6466190125540294,-0.5266703551658181
