camera_matrix:
- [372.87089653381577, 0.0, 228.07822442999986]
- [0.0, 373.49639084551416, 206.1724843307282]
- [0.0, 0.0, 1.0]
dist_coeff:
- [0.15764702642344466, -0.10378629561735636, 0.004441021599855298, -0.03504105608387772,
  -2.3197749505710408]
mean reprojection error: [0.22702048346145015]
