camera_matrix:
- [387.36478742681345, 0.0, 247.65254477411335]
- [0.0, 385.7625993976511, 187.99068708902942]
- [0.0, 0.0, 1.0]
dist_coeff:
- [0.19200356721615752, -0.555200797400698, 0.0034792396398377677, -0.001753708397071261,
  0.46844367193545894]
