System Time,q_des,q0,q1,q2,q3,q4,q5,T_des,Tx,Ty,Tz,R00,R01,R02,R10,R11,R12,R20,R21,R22,T_target,Tx,Ty,Tz,R00,R01,R02,R10,R11,R12,R20,R21,R22,worldFrame,Tx,Ty,Tz,R00,R01,R02,R10,R11,R12,R20,R21,R22,ECM_T_PSM_RCM,Tx,Ty,Tz,R00,R01,R02,R10,R11,R12,R20,R21,R22,psm3_T_cam,Tx,Ty,Tz,R00,R01,R02,R10,R11,R12,R20,R21,R22,offset,x,y,z,IK Trigered,ECM_T_PSM3,Tx,Ty,Tz,R00,R01,R02,R10,R11,R12,R20,R21,R22
13:36:14.245142,,-0.06741173525910575,-0.44758642919142994,0.06763393075,-2.6645693348232267,-0.4248260305882092,0.6239766264520572,,0.13377609493083403,0.5260825265237231,-0.3800716008842195,-0.12809841539004638,-0.69886448759903,-0.7036897213598506,0.7595679125085156,0.3870879393023672,-0.5227040400973602,0.637689095298026,-0.6014576919614479,0.481249688330697,,0.02114918087479376,0.27851279489428926,-0.04565764631086019,0.95565610308986,-0.2943420760893783,0.009173596377523158,0.2383053677603337,0.7912691716964249,0.5631195695582476,-0.1730085671974517,-0.5359625361592437,0.826324509808366,,-0.011236151595895146,0.7229330597451377,1.1988815986622077,0.998525493912733,-0.04043734661566403,-0.03621683317212714,-0.007973966393106002,-0.7691863124490244,0.63897482939552,-0.053695939011201406,-0.6377438653093865,-0.7683745885920152,,0.0,0.0,0.0,1.0,0.0,0.0,0.0,1.0,0.0,0.0,0.0,1.0,,0.0,0.0,0.045,1.0,0.0,0.0,0.0,1.0,0.0,0.0,0.0,1.0,,-0.007070943727902147,-0.1730894113711754,0.25860119218090627,True,,0.13377609493083403,0.5260825265237231,-0.3800716008842195,0.03313699426195876,-0.7098648951269553,-0.7035579366887136,0.7694366088164608,0.4673861101856213,-0.43533611040043424,0.6378630296735402,-0.5269175027193074,0.561683808475677
13:36:16.005124,,-0.06513352906120952,-0.44154725208378637,0.06754837561,-2.4941023164716936,-0.383108033899566,0.5766589209911694,,0.1336585648186821,0.5260641826898379,-0.38002433927951074,-0.05316713110444777,-0.7129614829561233,-0.6991846537154032,0.766558106437694,0.41958620193950513,-0.48614410270683944,0.6399702537030763,-0.5618125514466429,0.524218209729721,,0.02107948136148399,0.27833038544034777,-0.04477622242953226,0.9142217348426072,-0.3970866293744891,-0.01034639386164872,0.3307220269311402,0.7465315547998386,0.5717515178320502,-0.22001768109970476,-0.5278248440654365,0.8164431232752016,,-0.011236151595895146,0.7229330597451377,1.1988815986622077,0.998525493912733,-0.04043734661566403,-0.03621683317212714,-0.007973966393106002,-0.7691863124490244,0.63897482939552,-0.053695939011201406,-0.6377438653093865,-0.7683745885920152,,0.1514902607297308,0.624084416551871,-0.43276100720544775,0.887785573581028,-0.44872175077238136,-0.10239905138805752,-0.26952620399912314,-0.6872005592459136,0.674619164217803,-0.37308497785253736,-0.5713179340401215,-0.7310290127928571,,0.0,0.0,0.045,1.0,0.0,0.0,0.0,1.0,0.0,0.0,0.0,1.0,,-0.007070943727902147,-0.1730894113711754,0.25860119218090627,False,,0.1336585648186821,0.5260641826898379,-0.38002433927951074,-0.1285847878504942,-0.6941485210290136,-0.7082540385247913,0.7587223110471498,0.3910331880983887,-0.5209928027572763,0.6385972181686321,-0.6043598899321854,0.4763850505509605
13:36:16.019451,,-0.06513352906120952,-0.4415395293509121,0.06754837561,-2.4941023164716936,-0.383108033899566,0.5766589209911694,,0.13365893802840662,0.5260645013559284,-0.38002362030878084,-0.050866226368733586,-0.7142339493264256,-0.6980562245582956,0.766703692700687,0.4199760201067864,-0.4855775840526359,0.6399828705630607,-0.5599017843915494,0.5262432110925742,,0.021019281962797204,0.27826555505316974,-0.044426655876025636,0.8999579417371549,-0.4291617135066377,-0.01777777156872183,0.360051729741082,0.7312339793518493,0.5745256667455281,-0.2342190799494308,-0.5249163871503588,0.8148768811828792,,-0.011236151595895146,0.7229330597451377,1.1988815986622077,0.998525493912733,-0.04043734661566403,-0.03621683317212714,-0.007973966393106002,-0.7691863124490244,0.63897482939552,-0.053695939011201406,-0.6377438653093865,-0.7683745885920152,,0.1514902607297308,0.624084416551871,-0.43276100720544775,0.887785573581028,-0.44872175077238136,-0.10239905138805752,-0.26952620399912314,-0.6872005592459136,0.674619164217803,-0.37308497785253736,-0.5713179340401215,-0.7310290127928571,,0.0,0.0,0.045,1.0,0.0,0.0,0.0,1.0,0.0,0.0,0.0,1.0,,-0.007070943727902147,-0.1730894113711754,0.25860119218090627,False,,0.13365893802840662,0.5260645013559284,-0.38002362030878084,-0.12858514761918333,-0.6941509615386947,-0.7082515812948522,0.7587263906264108,0.3910272815184324,-0.5209912948172204,0.6385922987155201,-0.604360908483673,0.47639035288093073
13:36:16.031208,,-0.06514125179408374,-0.4415395293509121,0.06754837561,-2.494311993001031,-0.38324217536801825,0.576726903887381,,0.1336588532203788,0.5260658152963659,-0.38002225194964034,-0.049818665483799644,-0.7148361283855447,-0.6975151683828664,0.7667686198989798,0.42013741528175885,-0.4853353848820182,0.6399874874617684,-0.5590115042064234,0.5271832262669639,,0.020966183984995522,0.2782241019519199,-0.044237204618723325,0.893311395220769,-0.44374372256725686,-0.022010388573263567,0.3738405140064233,0.7240324150142385,0.5756896120743643,-0.2400754435805668,-0.5237048482161227,0.8145521534553766,,-0.011236151595895146,0.7229330597451377,1.1988815986622077,0.998525493912733,-0.04043734661566403,-0.03621683317212714,-0.007973966393106002,-0.7691863124490244,0.63897482939552,-0.053695939011201406,-0.6377438653093865,-0.7683745885920152,,0.1514902607297308,0.624084416551871,-0.43276100720544775,0.887785573581028,-0.44872175077238136,-0.10239905138805752,-0.26952620399912314,-0.6872005592459136,0.674619164217803,-0.37308497785253736,-0.5713179340401215,-0.7310290127928571,,0.0,0.0,0.045,1.0,0.0,0.0,0.0,1.0,0.0,0.0,0.0,1.0,,-0.007070943727902147,-0.1730894113711754,0.25860119218090627,False,,0.1336588532203788,0.5260658152963659,-0.38002225194964034,-0.12836805511380922,-0.6941649484014975,-0.7082772528022094,0.7588078315728205,0.3910910253084213,-0.5208248118772397,0.6385392056640316,-0.6043035945068956,0.4765342049590915
13:36:16.044143,,-0.06515669725983218,-0.4415626975495348,0.06754837561,-2.497457140941096,-0.38471773152099276,0.5774747157457085,,0.13365902466450838,0.5260678629472971,-0.3800204794478107,-0.049395477439159015,-0.7151127934518234,-0.6972616291250274,0.7667946083471836,0.42017933523574924,-0.4852580291458693,0.6399891525785785,-0.5586260098512901,0.527589675504913,,0.020901504722416767,0.27818676856666397,-0.044111968108750614,0.8907503412174052,-0.44960762781195845,-0.025151140628854526,0.38018252635600486,0.7209814606913902,0.5760752982322953,-0.24133140184235174,-0.5236931196733118,0.8146903952620237,,-0.011236151595895146,0.7229330597451377,1.1988815986622077,0.998525493912733,-0.04043734661566403,-0.03621683317212714,-0.007973966393106002,-0.7691863124490244,0.63897482939552,-0.053695939011201406,-0.6377438653093865,-0.7683745885920152,,0.1514902607297308,0.624084416551871,-0.43276100720544775,0.887785573581028,-0.44872175077238136,-0.10239905138805752,-0.26952620399912314,-0.6872005592459136,0.674619164217803,-0.37308497785253736,-0.5713179340401215,-0.7310290127928571,,0.0,0.0,0.045,1.0,0.0,0.0,0.0,1.0,0.0,0.0,0.0,1.0,,-0.007070943727902147,-0.1730894113711754,0.25860119218090627,False,,0.13365902466450838,0.5260678629472971,-0.3800204794478107,-0.12793349596718417,-0.6941954029315779,-0.7083260288583773,0.7589637553159009,0.39122338209580604,-0.5204981108691022,0.6384411004363675,-0.6041829258181524,0.4768185749563634
13:36:16.056171,,-0.06517214272558064,-0.44157814301528325,0.06754837561,-2.5024893776452,-0.3864615706108717,0.5783584933964592,,0.1336665155283486,0.5260768072841202,-0.38001074703777366,-0.047874594980173414,-0.7164012175415454,-0.6960440493679085,0.7668868651411177,0.42012482229203907,-0.48515942716607263,0.6399941868716571,-0.5570138500962735,0.5292853781953669,,0.020765740930119674,0.2780918764503762,-0.043637506109346184,0.8746951965663687,-0.4832799817185161,-0.03539110631441217,0.4120777376439618,0.7034210937947634,0.5790461648047577,-0.2549588383920854,-0.5210978623128434,0.8144671673253803,,-0.011236151595895146,0.7229330597451377,1.1988815986622077,0.998525493912733,-0.04043734661566403,-0.03621683317212714,-0.007973966393106002,-0.7691863124490244,0.63897482939552,-0.053695939011201406,-0.6377438653093865,-0.7683745885920152,,0.1514902607297308,0.624084416551871,-0.43276100720544775,0.887785573581028,-0.44872175077238136,-0.10239905138805752,-0.26952620399912314,-0.6872005592459136,0.674619164217803,-0.37308497785253736,-0.5713179340401215,-0.7310290127928571,,0.0,0.0,0.045,1.0,0.0,0.0,0.0,1.0,0.0,0.0,0.0,1.0,,-0.007070943727902147,-0.1730894113711754,0.25860119218090627,False,,0.1336665155283486,0.5260768072841202,-0.38001074703777366,-0.1252262057408317,-0.6946604287772636,-0.7083539271344119,0.7596292378687833,0.39213114081920186,-0.5188415840839311,0.6381863508181969,-0.6030589167658662,0.47857927717206245
13:36:16.069597,,-0.06518758819132908,-0.44160903394678014,0.06754967190000001,-2.5062635551732786,-0.38820540970075074,0.5792422710472098,,0.1336911534896385,0.5261014919953462,-0.37998117671685716,-0.052941472267997315,-0.7154720855999668,-0.6966325396084585,0.766572565671334,0.41796018131964585,-0.4875200389638533,0.639971641617162,-0.5598294218406911,0.5263338449761257,,0.020655471473459013,0.2780357994981263,-0.043609616942123355,0.8785707836056335,-0.47600964131304124,-0.037742626274157476,0.4078845771229923,0.7070341889937456,0.5776063829335787,-0.2482737525519736,-0.5228898385295357,0.8153788486481454,,-0.011236151595895146,0.7229330597451377,1.1988815986622077,0.998525493912733,-0.04043734661566403,-0.03621683317212714,-0.007973966393106002,-0.7691863124490244,0.63897482939552,-0.053695939011201406,-0.6377438653093865,-0.7683745885920152,,0.1514902607297308,0.624084416551871,-0.43276100720544775,0.887785573581028,-0.44872175077238136,-0.10239905138805752,-0.26952620399912314,-0.6872005592459136,0.674619164217803,-0.37308497785253736,-0.5713179340401215,-0.7310290127928571,,0.0,0.0,0.045,1.0,0.0,0.0,0.0,1.0,0.0,0.0,0.0,1.0,,-0.007070943727902147,-0.1730894113711754,0.25860119218090627,False,,0.1336911534896385,0.5261014919953462,-0.37998117671685716,-0.1165729716158791,-0.6963204448257445,-0.7082009463466715,0.7614877893998149,0.39511403610542806,-0.5138299768089266,0.6376104523011107,-0.5991850603863186,0.4841798989282984
13:36:16.083619,,-0.06526481552007134,-0.44170942947414504,0.06755096819,-2.5186344704042014,-0.3894126829168208,0.5798541171131142,,0.1337021833986544,0.5261070811367767,-0.37997342347881957,-0.055100785048311014,-0.7146913960059278,-0.6972661700973007,0.7664325920501817,0.41730519891648055,-0.48830057628525947,0.6399570183459978,-0.5613132631894375,0.5247689350917463,,0.020540931427264406,0.27798062102965493,-0.04358521221221467,0.8825365914454587,-0.46842361031790714,-0.040226031993987096,0.40346559153245687,0.7106651455690943,0.576264014941099,-0.24135933543703758,-0.5248276095666157,0.8162176787030505,,-0.011236151595895146,0.7229330597451377,1.1988815986622077,0.998525493912733,-0.04043734661566403,-0.03621683317212714,-0.007973966393106002,-0.7691863124490244,0.63897482939552,-0.053695939011201406,-0.6377438653093865,-0.7683745885920152,,0.1514902607297308,0.624084416551871,-0.43276100720544775,0.887785573581028,-0.44872175077238136,-0.10239905138805752,-0.26952620399912314,-0.6872005592459136,0.674619164217803,-0.37308497785253736,-0.5713179340401215,-0.7310290127928571,,0.0,0.0,0.045,1.0,0.0,0.0,0.0,1.0,0.0,0.0,0.0,1.0,,-0.007070943727902147,-0.1730894113711754,0.25860119218090627,False,,0.1337021833986544,0.5261070811367767,-0.37997342347881957,-0.11225729274726148,-0.6975856004656152,-0.7076529023808794,0.7617879887291316,0.3968470908341503,-0.5120463325954947,0.6380261440200393,-0.5965624162813967,0.4868633514934363
13:36:16.095577,,-0.06532659738306512,-0.44177893407001306,0.06755226448000001,-2.5293279734004233,-0.39021753172753415,0.5802620144903837,,0.133726298464029,0.526106023485161,-0.37996765872062405,-0.05794124437624308,-0.713239320459508,-0.6985216417195617,0.7662429722256938,0.41674053924837834,-0.48907977924026413,0.6399332150426849,-0.5635751899236073,0.5223681513910499,,0.02040176506393052,0.2779288884500798,-0.04357175163527518,0.8872508255560948,-0.45914369964335544,-0.04341347596944428,0.39797539242012203,0.7146684994811595,0.575131478138092,-0.2330520410680566,-0.5275866688943808,0.8168541774557151,,-0.011236151595895146,0.7229330597451377,1.1988815986622077,0.998525493912733,-0.04043734661566403,-0.03621683317212714,-0.007973966393106002,-0.7691863124490244,0.63897482939552,-0.053695939011201406,-0.6377438653093865,-0.7683745885920152,,0.1514902607297308,0.624084416551871,-0.43276100720544775,0.887785573581028,-0.44872175077238136,-0.10239905138805752,-0.26952620399912314,-0.6872005592459136,0.674619164217803,-0.37308497785253736,-0.5713179340401215,-0.7310290127928571,,0.0,0.0,0.045,1.0,0.0,0.0,0.0,1.0,0.0,0.0,0.0,1.0,,-0.007070943727902147,-0.1730894113711754,0.25860119218090627,False,,0.133726298464029,0.526106023485161,-0.37996765872062405,-0.10519417804984649,-0.7001124086771003,-0.7062413186162124,0.7616424944756423,0.3999041087844854,-0.5098798038618592,0.6394019827255297,-0.591539786484084,0.49116777733583666
13:36:16.108864,,-0.06538837924605892,-0.44185616139875533,0.06755356077,-2.540021476396645,-0.39155894641205646,0.5809418434524996,,0.13379010086221765,0.526114092261373,-0.3799426812451189,-0.06586714927969732,-0.7100656397577837,-0.7010480054041488,0.765680839550695,0.4145456936625732,-0.49181777093834156,0.6398393318566068,-0.5691736598799925,0.5163787120981127,,0.020263203000507535,0.27788451400087383,-0.043570091801847566,0.8911499867691094,-0.4511620826549032,-0.04682856277375319,0.39355954031349505,0.7177621974505414,0.5742967474875245,-0.2255017235969506,-0.5302439449168743,0.817238502255825,,-0.011236151595895146,0.7229330597451377,1.1988815986622077,0.998525493912733,-0.04043734661566403,-0.03621683317212714,-0.007973966393106002,-0.7691863124490244,0.63897482939552,-0.053695939011201406,-0.6377438653093865,-0.7683745885920152,,0.1514902607297308,0.624084416551871,-0.43276100720544775,0.887785573581028,-0.44872175077238136,-0.10239905138805752,-0.26952620399912314,-0.6872005592459136,0.674619164217803,-0.37308497785253736,-0.5713179340401215,-0.7310290127928571,,0.0,0.0,0.045,1.0,0.0,0.0,0.0,1.0,0.0,0.0,0.0,1.0,,-0.007070943727902147,-0.1730894113711754,0.25860119218090627,False,,0.13379010086221765,0.526114092261373,-0.3799426812451189,-0.08548029253082995,-0.7064212681915163,-0.702610924648581,0.7618002991461565,0.408160853176871,-0.503055684944277,0.6421475093852429,-0.5782505596889803,0.5032622243023122
13:36:16.122089,,-0.0654733293076754,-0.4419642796589945,0.06755744964,-2.5473601549234637,-0.393034502565031,0.5816896553108271,,0.13380447172176202,0.5261190684594015,-0.379932072848451,-0.06916753853976983,-0.7086336042053412,-0.7021782299411576,0.7654324126408713,0.413707413447951,-0.49290911711691937,0.6397883034966522,-0.5715632870025452,0.5137960058814409,,0.02010734405564257,0.2778412144143268,-0.04357489282915361,0.8951545413290829,-0.4427112958228582,-0.050751463493115864,0.3889940902206147,0.7207819596782052,0.5736092918823843,-0.21737663229814647,-0.5332454692833497,0.8174761920554168,,-0.011236151595895146,0.7229330597451377,1.1988815986622077,0.998525493912733,-0.04043734661566403,-0.03621683317212714,-0.007973966393106002,-0.7691863124490244,0.63897482939552,-0.053695939011201406,-0.6377438653093865,-0.7683745885920152,,0.1514902607297308,0.624084416551871,-0.43276100720544775,0.887785573581028,-0.44872175077238136,-0.10239905138805752,-0.26952620399912314,-0.6872005592459136,0.674619164217803,-0.37308497785253736,-0.5713179340401215,-0.7310290127928571,,0.0,0.0,0.045,1.0,0.0,0.0,0.0,1.0,0.0,0.0,0.0,1.0,,-0.007070943727902147,-0.1730894113711754,0.25860119218090627,False,,0.13380447172176202,0.5261190684594015,-0.379932072848451,-0.0785600166488229,-0.7081771717740725,-0.7016504950202865,0.762266716002619,0.4109227185300673,-0.5000919646129522,0.6424778419982434,-0.5741320516866617,0.5075377914671428
13:36:16.134562,,-0.06566639762953101,-0.4421959616452212,0.06756004222,-2.5557472160969708,-0.3945100587180055,0.5824374671691546,,0.13380620157514647,0.526121072592325,-0.3799297406328709,-0.07140070436484618,-0.7071698487079882,-0.7034292746925769,0.7652595268432488,0.4134869037558243,-0.49336237898533397,0.6397497917091106,-0.5735323752856001,0.5116452076462819,,0.019890946259019993,0.2778023230920256,-0.04360371877580377,0.9000839706418488,-0.43183748993835697,-0.05631478062709751,0.38322124085813464,0.7239746116638274,0.5734181446911992,-0.20687303543113167,-0.5377576316424388,0.8172064630566499,,-0.011236151595895146,0.7229330597451377,1.1988815986622077,0.998525493912733,-0.04043734661566403,-0.03621683317212714,-0.007973966393106002,-0.7691863124490244,0.63897482939552,-0.053695939011201406,-0.6377438653093865,-0.7683745885920152,,0.1514902607297308,0.624084416551871,-0.43276100720544775,0.887785573581028,-0.44872175077238136,-0.10239905138805752,-0.26952620399912314,-0.6872005592459136,0.674619164217803,-0.37308497785253736,-0.5713179340401215,-0.7310290127928571,,0.0,0.0,0.045,1.0,0.0,0.0,0.0,1.0,0.0,0.0,0.0,1.0,,-0.007070943727902147,-0.1730894113711754,0.25860119218090627,False,,0.13380620157514647,0.526121072592325,-0.3799297406328709,-0.07420549613441224,-0.7092121304065232,-0.701078953062839,0.7625352012231209,0.41270954834408013,-0.4982076832017346,0.6426769104605052,-0.5715671288570277,0.5101738977751349
13:36:16.146505,,-0.06576679315689593,-0.4423118026383346,0.06756263480000001,-2.5601504232130625,-0.39477834165490994,0.5825045513175274,,0.13380755522908144,0.5261233169595876,-0.379929413485583,-0.07317774647021545,-0.7055916649042494,-0.7048300645114325,0.7651191886536829,0.41360062658790797,-0.4934846997020473,0.6397168471874654,-0.5753911053394369,0.5095953603799684,,0.019659642388509,0.2777763141479325,-0.04364979328181784,0.9049495562036989,-0.42068794967036593,-0.06241004861463385,0.3774196600390849,0.7267577540287586,0.5737461386486753,-0.1960300114317164,-0.542818459892833,0.8165337829244195,,-0.011236151595895146,0.7229330597451377,1.1988815986622077,0.998525493912733,-0.04043734661566403,-0.03621683317212714,-0.007973966393106002,-0.7691863124490244,0.63897482939552,-0.053695939011201406,-0.6377438653093865,-0.7683745885920152,,0.1514902607297308,0.624084416551871,-0.43276100720544775,0.887785573581028,-0.44872175077238136,-0.10239905138805752,-0.26952620399912314,-0.6872005592459136,0.674619164217803,-0.37308497785253736,-0.5713179340401215,-0.7310290127928571,,0.0,0.0,0.045,1.0,0.0,0.0,0.0,1.0,0.0,0.0,0.0,1.0,,-0.007070943727902147,-0.1730894113711754,0.25860119218090627,False,,0.13380755522908144,0.5261233169595876,-0.379929413485583,-0.07068839708550609,-0.7101373599491464,-0.7005055892153456,0.7626056166144243,0.4142060052461614,-0.4968561750910929,0.6429897542151164,-0.569331463404644,0.5122751806909163
13:36:16.160079,,-0.06587491141713507,-0.4424430890971964,0.06756652367,-2.5635052476824653,-0.39531490752871884,0.5827076012583235,,0.13380607053858032,0.5261185808640667,-0.37993132110179073,-0.07609112429994302,-0.7035432150575176,-0.7065671131246503,0.7648838074244407,0.4134083572173778,-0.4940104162087274,0.6396584259920772,-0.5780315516728829,0.5066721063251634,,0.01944442921286457,0.27776245629622187,-0.04370686182773607,0.9089821394810648,-0.4109833720151333,-0.06825884643497052,0.3725986918314335,0.7286733067094971,0.5744741587048872,-0.18637815600296828,-0.5476705324383027,0.8155582768562989,,-0.011236151595895146,0.7229330597451377,1.1988815986622077,0.998525493912733,-0.04043734661566403,-0.03621683317212714,-0.007973966393106002,-0.7691863124490244,0.63897482939552,-0.053695939011201406,-0.6377438653093865,-0.7683745885920152,,0.1514902607297308,0.624084416551871,-0.43276100720544775,0.887785573581028,-0.44872175077238136,-0.10239905138805752,-0.26952620399912314,-0.6872005592459136,0.674619164217803,-0.37308497785253736,-0.5713179340401215,-0.7310290127928571,,0.0,0.0,0.045,1.0,0.0,0.0,0.0,1.0,0.0,0.0,0.0,1.0,,-0.007070943727902147,-0.1730894113711754,0.25860119218090627,False,,0.13380607053858032,0.5261185808640667,-0.37993132110179073,-0.06351340246570997,-0.7122006402287621,-0.6990967713878887,0.7625209923276822,0.4172965535303182,-0.49439389424964075,0.6438383212941238,-0.5644766022338389,0.5165640149717217
13:36:16.173600,,-0.06609114793761335,-0.4426979392820458,0.06756911625,-2.564972983387829,-0.3965221807447889,0.5833194473242279,,0.13379337480469872,0.5261191352448242,-0.3799344085326594,-0.07727313213970333,-0.7022141939072168,-0.7077599090966918,0.7647864296762004,0.41367777098125624,-0.493935642345346,0.6396331605165965,-0.5794531281054722,0.505077709165959,,0.01923357735527125,0.2777657122841754,-0.04379452695959097,0.9131766779188969,-0.40050037703395697,-0.07444548928869166,0.3672389339966116,0.7302912509647793,0.575885910659479,-0.17629023863165744,-0.5532706975204121,0.8140317039300357,,-0.011236151595895146,0.7229330597451377,1.1988815986622077,0.998525493912733,-0.04043734661566403,-0.03621683317212714,-0.007973966393106002,-0.7691863124490244,0.63897482939552,-0.053695939011201406,-0.6377438653093865,-0.7683745885920152,,0.1514902607297308,0.624084416551871,-0.43276100720544775,0.887785573581028,-0.44872175077238136,-0.10239905138805752,-0.26952620399912314,-0.6872005592459136,0.674619164217803,-0.37308497785253736,-0.5713179340401215,-0.7310290127928571,,0.0,0.0,0.045,1.0,0.0,0.0,0.0,1.0,0.0,0.0,0.0,1.0,,-0.007070943727902147,-0.1730894113711754,0.25860119218090627,False,,0.13379337480469872,0.5261191352448242,-0.3799344085326594,-0.06205244640147481,-0.7122879393985287,-0.6991390314400923,0.762804040796777,0.4178914276316543,-0.4934538986127147,0.6436454685925332,-0.5639260998565113,0.5174049329692584
13:36:16.185855,,-0.06617609799922983,-0.4427828893436623,0.06757041254000001,-2.563295571153127,-0.3969246051501456,0.5835233960128626,,0.13377853251503222,0.526122437223303,-0.3799375829934356,-0.07804982510207334,-0.7011586542744312,-0.7087205135577805,0.7647218522268026,0.4139812678225379,-0.49378132672150765,0.6396160672843858,-0.5805136100283201,0.5038801792525117,,0.01905458972923679,0.27777536031952305,-0.04389156036252194,0.9169117758173025,-0.3908389600657422,-0.0801393289803102,0.3623026285887044,0.7315601651157405,0.5774609419871362,-0.16707546220914823,-0.5585420677958683,0.8124168620954638,,-0.011236151595895146,0.7229330597451377,1.1988815986622077,0.998525493912733,-0.04043734661566403,-0.03621683317212714,-0.007973966393106002,-0.7691863124490244,0.63897482939552,-0.053695939011201406,-0.6377438653093865,-0.7683745885920152,,0.1514902607297308,0.624084416551871,-0.43276100720544775,0.887785573581028,-0.44872175077238136,-0.10239905138805752,-0.26952620399912314,-0.6872005592459136,0.674619164217803,-0.37308497785253736,-0.5713179340401215,-0.7310290127928571,,0.0,0.0,0.045,1.0,0.0,0.0,0.0,1.0,0.0,0.0,0.0,1.0,,-0.007070943727902147,-0.1730894113711754,0.25860119218090627,False,,0.13377853251503222,0.526122437223303,-0.3799375829934356,-0.06194537214895374,-0.7119828133998536,-0.6994592513453212,0.7631210280003302,0.4178949358005778,-0.4929605656195538,0.6432799293410661,-0.5643086886230447,0.5174423991629336
13:36:16.197887,,-0.06625332532797207,-0.44286783940527874,0.06757170883000001,-2.560989129330413,-0.39719288808705006,0.5837282434493362,,0.133759330921372,0.5261244675608485,-0.3799407492332915,-0.07826591953732029,-0.7007349607357398,-0.7091156186699451,0.7647038019039825,0.4141560974092704,-0.4936626604598708,0.6396112422343532,-0.5809003716485334,0.5034403808059336,,0.018958464116536466,0.27778648221436436,-0.043978598846627595,0.9194061788287134,-0.38414691888111047,-0.08397708710149326,0.3588175719876208,0.7322610978545977,0.5787679696683343,-0.16084451024766383,-0.562275339487023,0.8111129478933624,,-0.011236151595895146,0.7229330597451377,1.1988815986622077,0.998525493912733,-0.04043734661566403,-0.03621683317212714,-0.007973966393106002,-0.7691863124490244,0.63897482939552,-0.053695939011201406,-0.6377438653093865,-0.7683745885920152,,0.1514902607297308,0.624084416551871,-0.43276100720544775,0.887785573581028,-0.44872175077238136,-0.10239905138805752,-0.26952620399912314,-0.6872005592459136,0.674619164217803,-0.37308497785253736,-0.5713179340401215,-0.7310290127928571,,0.0,0.0,0.045,1.0,0.0,0.0,0.0,1.0,0.0,0.0,0.0,1.0,,-0.007070943727902147,-0.1730894113711754,0.25860119218090627,False,,0.133759330921372,0.5261244675608485,-0.3799407492332915,-0.06337994233090294,-0.7112119296605666,-0.7001146863326216,0.7634786983747219,0.417235626612971,-0.4929652208958784,0.64271553586184,-0.5657667567057781,0.5165507883726953
13:36:16.210543,,-0.06631510719096587,-0.44294506673402095,0.06757170883000001,-2.5599407466837243,-0.3973270295555023,0.5839339896336482,,0.13372460344583217,0.5261256569788859,-0.3799507206231909,-0.07798339455437095,-0.700955704873474,-0.7089285506869564,0.7647273938650633,0.41415959192616053,-0.4936231816759668,0.6396175445108785,-0.5806314943411934,0.5037424585370852,,0.018903909756754468,0.27779097263151153,-0.04405779634646003,0.9215907595174425,-0.3782533450766639,-0.08689778468926257,0.3555527294888097,0.7330930019010683,0.5797527517746347,-0.1555926559919989,-0.5652038601916286,0.8101184283173425,,-0.011236151595895146,0.7229330597451377,1.1988815986622077,0.998525493912733,-0.04043734661566403,-0.03621683317212714,-0.007973966393106002,-0.7691863124490244,0.63897482939552,-0.053695939011201406,-0.6377438653093865,-0.7683745885920152,,0.1514902607297308,0.624084416551871,-0.43276100720544775,0.887785573581028,-0.44872175077238136,-0.10239905138805752,-0.26952620399912314,-0.6872005592459136,0.674619164217803,-0.37308497785253736,-0.5713179340401215,-0.7310290127928571,,0.0,0.0,0.045,1.0,0.0,0.0,0.0,1.0,0.0,0.0,0.0,1.0,,-0.007070943727902147,-0.1730894113711754,0.25860119218090627,False,,0.13372460344583217,0.5261256569788859,-0.3799507206231909,-0.06632429989278002,-0.7096951582246858,-0.7013799752175498,0.7639271227420863,0.41607754470898417,-0.493249255374948,0.6418850663340985,-0.5685175979522371,0.5145593283926437
13:36:16.224021,,-0.06638461178683389,-0.4430068485970148,0.06757300512,-2.5588923640370362,-0.39759531249240676,0.5845521269344229,,0.13371643706662795,0.5261248063486998,-0.3799533703054031,-0.07861144496163586,-0.7007672405411223,-0.7090454959347986,0.7646748648444821,0.4139413558708143,-0.4938875428424014,0.6396034644966495,-0.5810144821639239,0.5033185668338399,,0.01888167293112886,0.2777767138345787,-0.04413212824066322,0.9237649915300817,-0.3723664423693766,-0.0893190722871269,0.35213402704143476,0.7344001598974018,0.5802020818610388,-0.15045361769210255,-0.5674293448469819,0.8095455954938636,,-0.011236151595895146,0.7229330597451377,1.1988815986622077,0.998525493912733,-0.04043734661566403,-0.03621683317212714,-0.007973966393106002,-0.7691863124490244,0.63897482939552,-0.053695939011201406,-0.6377438653093865,-0.7683745885920152,,0.1514902607297308,0.624084416551871,-0.43276100720544775,0.887785573581028,-0.44872175077238136,-0.10239905138805752,-0.26952620399912314,-0.6872005592459136,0.674619164217803,-0.37308497785253736,-0.5713179340401215,-0.7310290127928571,,0.0,0.0,0.045,1.0,0.0,0.0,0.0,1.0,0.0,0.0,0.0,1.0,,-0.007070943727902147,-0.1730894113711754,0.25860119218090627,False,,0.13371643706662795,0.5261248063486998,-0.3799533703054031,-0.06667441300201657,-0.7093210655687586,-0.7017251232435945,0.7640249178182609,0.4160357483456364,-0.4931330257154619,0.6417323800492202,-0.5690148346386829,0.5142000295191318
13:36:16.236441,,-0.06639233451970811,-0.4430068485970148,0.06757430141000001,-2.5580536579196855,-0.39759531249240676,0.5846898902225233,,0.1337105679211753,0.5261268252507751,-0.37995268698109275,-0.07922102809692236,-0.7008706529777936,-0.7088754167706394,0.7646235872598507,0.41352988802507634,-0.49431144182169734,0.6395895547248596,-0.581182724712675,0.5031419700068828,,0.01888172648372118,0.2777425213096309,-0.044176849492446595,0.9252568394222103,-0.36823804702080065,-0.09097820176286371,0.34983960448918183,0.7357654784972893,0.579860261743968,-0.14658971178275298,-0.568354126179477,0.8096058022405026,,-0.011236151595895146,0.7229330597451377,1.1988815986622077,0.998525493912733,-0.04043734661566403,-0.03621683317212714,-0.007973966393106002,-0.7691863124490244,0.63897482939552,-0.053695939011201406,-0.6377438653093865,-0.7683745885920152,,0.1514902607297308,0.624084416551871,-0.43276100720544775,0.887785573581028,-0.44872175077238136,-0.10239905138805752,-0.26952620399912314,-0.6872005592459136,0.674619164217803,-0.37308497785253736,-0.5713179340401215,-0.7310290127928571,,0.0,0.0,0.045,1.0,0.0,0.0,0.0,1.0,0.0,0.0,0.0,1.0,,-0.007070943727902147,-0.1730894113711754,0.25860119218090627,False,,0.1337105679211753,0.5261268252507751,-0.37995268698109275,-0.0672157343352395,-0.7088498190809086,-0.7021495417977126,0.7641601390533402,0.4159093631123385,-0.4930301041087338,0.6415148688376244,-0.5696940719934273,0.5137191230583046
13:36:16.250706,,-0.06639233451970811,-0.4430068485970148,0.06757430141000001,-2.55763430486101,-0.39759531249240676,0.5846898902225233,,0.13370455643550377,0.526126325930928,-0.37995287804214517,-0.0795071210382046,-0.7009907230171665,-0.7087246460707336,0.7645994218038404,0.41328674262647563,-0.49455211307447683,0.6395829437074202,-0.5812108693177266,0.5031178624392931,,0.01888218356091555,0.2777119653313413,-0.044220239231582435,0.9265809039756958,-0.3644917857532277,-0.09258081765739176,0.347808390001659,0.7369601533061128,0.579565956191002,-0.1430202556428353,-0.5692214962996036,0.809635557469164,,-0.011236151595895146,0.7229330597451377,1.1988815986622077,0.998525493912733,-0.04043734661566403,-0.03621683317212714,-0.007973966393106002,-0.7691863124490244,0.63897482939552,-0.053695939011201406,-0.6377438653093865,-0.7683745885920152,,0.1514902607297308,0.624084416551871,-0.43276100720544775,0.887785573581028,-0.44872175077238136,-0.10239905138805752,-0.26952620399912314,-0.6872005592459136,0.674619164217803,-0.37308497785253736,-0.5713179340401215,-0.7310290127928571,,0.0,0.0,0.045,1.0,0.0,0.0,0.0,1.0,0.0,0.0,0.0,1.0,,-0.007070943727902147,-0.1730894113711754,0.25860119218090627,False,,0.13370455643550377,0.526126325930928,-0.37995287804214517,-0.06835078312892656,-0.7083404997807832,-0.7025538462039568,0.7642490767497423,0.4154794696606498,-0.4932546593572854,0.6412889513572092,-0.5706404705774167,0.5129502258566181
13:36:16.263046,,-0.06638461178683389,-0.4429836803983921,0.06757430141000001,-2.55763430486101,-0.39759531249240676,0.5848276535106237,,0.13370638750132052,0.5261270225876329,-0.3799509671269592,-0.08009325897439445,-0.7008164131313922,-0.7088310270808625,0.7645497137114456,0.41308171938446925,-0.49480019035376,0.639569234040074,-0.5815667186110468,0.5027239268956397,,0.01887665501187772,0.2776941263407247,-0.04426901243433039,0.927773410183376,-0.3610131768721535,-0.09427786123867768,0.34598886404543117,0.7378049367505753,0.5795842569475007,-0.13968011652206022,-0.5703469918124489,0.8094294926781634,,-0.011236151595895146,0.7229330597451377,1.1988815986622077,0.998525493912733,-0.04043734661566403,-0.03621683317212714,-0.007973966393106002,-0.7691863124490244,0.63897482939552,-0.053695939011201406,-0.6377438653093865,-0.7683745885920152,,0.1514902607297308,0.624084416551871,-0.43276100720544775,0.887785573581028,-0.44872175077238136,-0.10239905138805752,-0.26952620399912314,-0.6872005592459136,0.674619164217803,-0.37308497785253736,-0.5713179340401215,-0.7310290127928571,,0.0,0.0,0.045,1.0,0.0,0.0,0.0,1.0,0.0,0.0,0.0,1.0,,-0.007070943727902147,-0.1730894113711754,0.25860119218090627,False,,0.13370638750132052,0.5261270225876329,-0.3799509671269592,-0.06835182426000808,-0.7082558330636637,-0.702639098721118,0.7642593028963467,0.4155291554561668,-0.4931969575152254,0.6412766532914786,-0.5707093795419703,0.5128889334408574
13:36:16.274689,,-0.06634599812246277,-0.44293734400114676,0.06757430141000001,-2.5574246283316726,-0.39759531249240676,0.5849654167987243,,0.13370808114846577,0.5261275220608688,-0.3799494685817274,-0.08050434498323032,-0.7004115138125864,-0.7091845752394662,0.7645146917597763,0.41313517538624916,-0.49480967345235616,0.6395594863046559,-0.5820163555926364,0.5022157159034257,,0.018844456605352767,0.27769514110643834,-0.04433034186057297,0.929174833071963,-0.3567575754852112,-0.09662840343989362,0.3438345294383132,0.7383912310983153,0.580116447478252,-0.1356128031690325,-0.5722598261303754,0.8087686600293121,,-0.011236151595895146,0.7229330597451377,1.1988815986622077,0.998525493912733,-0.04043734661566403,-0.03621683317212714,-0.007973966393106002,-0.7691863124490244,0.63897482939552,-0.053695939011201406,-0.6377438653093865,-0.7683745885920152,,0.1514902607297308,0.624084416551871,-0.43276100720544775,0.887785573581028,-0.44872175077238136,-0.10239905138805752,-0.26952620399912314,-0.6872005592459136,0.674619164217803,-0.37308497785253736,-0.5713179340401215,-0.7310290127928571,,0.0,0.0,0.045,1.0,0.0,0.0,0.0,1.0,0.0,0.0,0.0,1.0,,-0.007070943727902147,-0.1730894113711754,0.25860119218090627,False,,0.13370808114846577,0.5261275220608688,-0.3799494685817274,-0.0685419859300079,-0.7082047414779169,-0.7026720716756629,0.7642813370426595,0.4154265938141104,-0.4932492098324043,0.6412300944380696,-0.5708474308431312,0.5127935029685354
13:36:16.286865,,-0.06633827538958854,-0.4429064530696499,0.06757430141000001,-2.5574246283316726,-0.39759531249240676,0.5850342984427744,,0.13371133734579144,0.5261276955440228,-0.37994804745401733,-0.08077940413482905,-0.69991596310809,-0.7096423975877545,0.764491185080936,0.41332753672769923,-0.4946853295946408,0.6395529030511611,-0.5824757436744359,0.5016912319641883,,0.01878511094147421,0.2777038333538317,-0.044380739311556436,0.9304557706995412,-0.352701401525805,-0.09910674200773675,0.34191082428210673,0.7388153512418286,0.5807040822879379,-0.1315956427408808,-0.5742142146524054,0.8080402147668567,,-0.011236151595895146,0.7229330597451377,1.1988815986622077,0.998525493912733,-0.04043734661566403,-0.03621683317212714,-0.007973966393106002,-0.7691863124490244,0.63897482939552,-0.053695939011201406,-0.6377438653093865,-0.7683745885920152,,0.1514902607297308,0.624084416551871,-0.43276100720544775,0.887785573581028,-0.44872175077238136,-0.10239905138805752,-0.26952620399912314,-0.6872005592459136,0.674619164217803,-0.37308497785253736,-0.5713179340401215,-0.7310290127928571,,0.0,0.0,0.045,1.0,0.0,0.0,0.0,1.0,0.0,0.0,0.0,1.0,,-0.007070943727902147,-0.1730894113711754,0.25860119218090627,False,,0.13371133734579144,0.5261276955440228,-0.37994804745401733,-0.06854296705177146,-0.7081297866925758,-0.7027475128852947,0.7642865113963393,0.41547398410380004,-0.4932012743602039,0.6412238222066875,-0.5709059237139189,0.5127362246838076
13:36:16.300346,,-0.06632282992384009,-0.4428832848710272,0.06757430141000001,-2.5580536579196855,-0.39759531249240676,0.5851031800868246,,0.13371863515194332,0.5261289537845906,-0.37994325041805554,-0.08118297145396279,-0.699217616456828,-0.7102844852468178,0.7644565895681162,0.41358936924073686,-0.49451992509598014,0.6395431555507334,-0.58312825217741,0.5009451004858009,,0.01870522751695107,0.2777164560243205,-0.044426713843332924,0.9318599039737138,-0.3481923015746186,-0.10177858808046561,0.3397420974494623,0.739319459458779,0.5813275192072033,-0.12716944243065345,-0.576305907041678,0.8072540336982702,,-0.011236151595895146,0.7229330597451377,1.1988815986622077,0.998525493912733,-0.04043734661566403,-0.03621683317212714,-0.007973966393106002,-0.7691863124490244,0.63897482939552,-0.053695939011201406,-0.6377438653093865,-0.7683745885920152,,0.1514902607297308,0.624084416551871,-0.43276100720544775,0.887785573581028,-0.44872175077238136,-0.10239905138805752,-0.26952620399912314,-0.6872005592459136,0.674619164217803,-0.37308497785253736,-0.5713179340401215,-0.7310290127928571,,0.0,0.0,0.045,1.0,0.0,0.0,0.0,1.0,0.0,0.0,0.0,1.0,,-0.007070943727902147,-0.1730894113711754,0.25860119218090627,False,,0.13371863515194332,0.5261289537845906,-0.37994325041805554,-0.06797790304940712,-0.7082686762008117,-0.702662427492573,0.7642656648193511,0.4157479711937143,-0.49300265519218656,0.6413088166205427,-0.5705340539889451,0.5130437554085411
13:36:16.312382,,-0.06632282992384009,-0.44286783940527874,0.06757430141000001,-2.5580536579196855,-0.39759531249240676,0.585240943374925,,0.13371938091834165,0.5261295928311791,-0.37994181336940813,-0.08127885207204577,-0.6986132198936894,-0.7108680026528287,0.7644483516548585,0.4139565357798197,-0.4942253576429892,0.6395408242309635,-0.5835919426062548,0.5004078123561196,,0.018612487304599228,0.27773297973722305,-0.04446735165292958,0.9333160551390148,-0.34345698970838223,-0.10448688916461875,0.33742461509216237,0.7398767612850786,0.581967421603052,-0.12257586596369276,-0.5784278234126145,0.8064462057400307,,-0.011236151595895146,0.7229330597451377,1.1988815986622077,0.998525493912733,-0.04043734661566403,-0.03621683317212714,-0.007973966393106002,-0.7691863124490244,0.63897482939552,-0.053695939011201406,-0.6377438653093865,-0.7683745885920152,,0.1514902607297308,0.624084416551871,-0.43276100720544775,0.887785573581028,-0.44872175077238136,-0.10239905138805752,-0.26952620399912314,-0.6872005592459136,0.674619164217803,-0.37308497785253736,-0.5713179340401215,-0.7310290127928571,,0.0,0.0,0.045,1.0,0.0,0.0,0.0,1.0,0.0,0.0,0.0,1.0,,-0.007070943727902147,-0.1730894113711754,0.25860119218090627,False,,0.13371938091834165,0.5261295928311791,-0.37994181336940813,-0.06797861900260455,-0.708176711706765,-0.7027550443466719,0.7642741667229862,0.41580447612851346,-0.4929418177750575,0.6412986086359336,-0.5706070299494097,0.5129753521699942
13:36:16.324440,,-0.06632282992384009,-0.4428523939395303,0.06757430141000001,-2.5540698038622693,-0.39759531249240676,0.585516469951126,,0.13371247721993318,0.5261308094357665,-0.379941886117099,-0.0806124194495768,-0.6981864398276705,-0.7113630107555834,0.7645054626826634,0.41462322040584726,-0.4935777371687776,0.6395569054891458,-0.5836294032526522,0.5003435662623242,,0.018519103117998134,0.2777810323753775,-0.04451773294616512,0.9350132501463866,-0.33802768067169187,-0.10702419391125063,0.3343706401949066,0.7402153673799774,0.5833045120707699,-0.11795408411023588,-0.5811928818612521,0.8051511268373619,,-0.011236151595895146,0.7229330597451377,1.1988815986622077,0.998525493912733,-0.04043734661566403,-0.03621683317212714,-0.007973966393106002,-0.7691863124490244,0.63897482939552,-0.053695939011201406,-0.6377438653093865,-0.7683745885920152,,0.1514902607297308,0.624084416551871,-0.43276100720544775,0.887785573581028,-0.44872175077238136,-0.10239905138805752,-0.26952620399912314,-0.6872005592459136,0.674619164217803,-0.37308497785253736,-0.5713179340401215,-0.7310290127928571,,0.0,0.0,0.045,1.0,0.0,0.0,0.0,1.0,0.0,0.0,0.0,1.0,,-0.007070943727902147,-0.1730894113711754,0.25860119218090627,False,,0.13371247721993318,0.5261308094357665,-0.379941886117099,-0.06968162478677739,-0.7074711872105394,-0.7032986495323197,0.7644111912639228,0.41511281653032533,-0.4933121529242217,0.6409524177640218,-0.5719841508461316,0.5118731574748616
