camera_matrix:
- [411.7857779796656, 0.0, 257.07069240269664]
- [0.0, 413.18772674022455, 189.323636988894]
- [0.0, 0.0, 1.0]
dist_coeff:
- [0.19104655764875736, -0.38758710406042163, -0.002542463807387452, 0.0003243126534717099,
  0.0738358114773516]
