System Time,q_des,q0,q1,q2,q3,q4,q5,T_des,Tx,Ty,Tz,R00,R01,R02,R10,R11,R12,R20,R21,R22,T_target,Tx,Ty,Tz,R00,R01,R02,R10,R11,R12,R20,R21,R22,worldFrame,Tx,Ty,Tz,R00,R01,R02,R10,R11,R12,R20,R21,R22,ECM_T_PSM_RCM,Tx,Ty,Tz,R00,R01,R02,R10,R11,R12,R20,R21,R22,psm3_T_cam,Tx,Ty,Tz,R00,R01,R02,R10,R11,R12,R20,R21,R22,offset,x,y,z,IK Trigered,ECM_T_PSM3,Tx,Ty,Tz,R00,R01,R02,R10,R11,R12,R20,R21,R22
21:29:12.034460,,0.3901138511414511,-0.7548508020582004,0.05508065839,-2.5144409398174483,-0.6843897720432723,0.8064270655745955,,0.15734329159878926,0.49641963898823377,-0.427558880701466,-0.1250767593083969,-0.6923233235777457,-0.7106646325174577,0.7975544205185148,0.35589475202254156,-0.4870789174191281,0.5901379081132523,-0.6277159716886911,0.5076513649096561,,0.04706234765631535,0.266677614993803,-0.09624484549038273,-0.8916953937209854,0.3720672329389745,-0.25776985663554997,-0.43273231724444194,-0.8677612729861942,0.2444035898214993,-0.13274813154629628,0.3294789026303731,0.9347842458516578,,-0.011885468134115583,0.7813151674948209,1.1139371938741927,0.9988488698858944,-0.02572247012548613,-0.04048814219392547,0.0031358336654012074,-0.8072434309011702,0.5902103098168745,-0.04786545387745728,-0.5896578650349298,-0.8062335272906689,,0.15181129408644534,0.5917506434297896,-0.452959793764911,0.9613873499747994,-0.2747687941282758,0.01537768128573537,-0.2420121560617169,-0.817529384679804,0.5225665713604538,-0.1310132803451301,-0.5061104770288344,-0.8524597969493073,,0.0,0.0,0.045,1.0,0.0,0.0,0.0,1.0,0.0,0.0,0.0,1.0,,-0.004778288941558408,-0.15716988368721235,0.2612241015305524,False,,0.15734329159878926,0.49641963898823377,-0.427558880701466,-0.173147891490379,-0.6416843570098184,-0.7471686514043081,0.7567402936689119,0.398870896765049,-0.5179248359093578,0.6303680953302804,-0.6550902179721065,0.416524754014612
21:29:14.048984,,0.38978177362785943,-0.7620638345627262,0.055416397500000006,-2.5723116619146476,-0.7322782762807181,0.7855794826692392,,0.15731838661105496,0.4963798740076971,-0.4276470971420254,-0.14193894363455173,-0.6822025342308349,-0.7171025534692889,0.7951655412765224,0.3527744973615937,-0.4929958920730782,0.5893624791837048,-0.6402600174331845,0.4924449327895818,,0.047061571903414645,0.26669058401288304,-0.09623857345503034,-0.8917018240302902,0.3720044733221284,-0.25783818345888876,-0.4327266454866746,-0.8677006876027841,0.24462863082539194,-0.13272342410781723,0.32970924852357714,0.9347065336944612,,-0.011885468134115583,0.7813151674948209,1.1139371938741927,0.9988488698858944,-0.02572247012548613,-0.04048814219392547,0.0031358336654012074,-0.8072434309011702,0.5902103098168745,-0.04786545387745728,-0.5896578650349298,-0.8062335272906689,,0.15176409585881417,0.591740160185384,-0.45295953686845114,0.9613648048612033,-0.274847015389848,0.015389285411398106,-0.24208718769367787,-0.8175182164103367,0.5225492889592597,-0.13104009130318398,-0.5060860440365399,-0.8524701815915317,,0.0,0.0,0.045,1.0,0.0,0.0,0.0,1.0,0.0,0.0,0.0,1.0,,-0.004778288941558408,-0.15716988368721235,0.2612241015305524,False,,0.15729348162332066,0.4963401090271604,-0.4277353135825849,-0.1253595912086825,-0.6825244814112291,-0.7200314612336918,0.7874009826109817,0.3730742482371176,-0.49072935298957865,0.6035599932693128,-0.6284711111711045,0.4906520120697608
21:29:14.064408,,0.38978177362785943,-0.7620715572956004,0.055416397500000006,-2.5723116619146476,-0.7322782762807181,0.7855794826692392,,0.15731015136066084,0.4963665439015335,-0.4276768012262293,-0.1475534216620928,-0.6788034671244518,-0.7192086256938919,0.7943838717842229,0.3517762208132156,-0.49498985971062476,0.589058111311423,-0.6444273038807866,0.48737172467021944,,0.0470626482584586,0.2666918504261228,-0.09623928825343546,-0.8917012802295817,0.372008849901004,-0.25783374959895644,-0.432729875789698,-0.8676980968802267,0.24463210596621507,-0.13271654544915515,0.3297111285136812,0.9347068472511996,,-0.011885468134115583,0.7813151674948209,1.1139371938741927,0.9988488698858944,-0.02572247012548613,-0.04048814219392547,0.0031358336654012074,-0.8072434309011702,0.5902103098168745,-0.04786545387745728,-0.5896578650349298,-0.8062335272906689,,0.15176409585881417,0.591740160185384,-0.45295953686845114,0.9613648048612033,-0.274847015389848,0.015389285411398106,-0.24208718769367787,-0.8175182164103367,0.5225492889592597,-0.13104009130318398,-0.5060860440365399,-0.8524701815915317,,0.0,0.0,0.045,1.0,0.0,0.0,0.0,1.0,0.0,0.0,0.0,1.0,,-0.004778288941558408,-0.15716988368721235,0.2612241015305524,False,,0.1572936808598726,0.49633988368920634,-0.4277362093946371,-0.12535626939086253,-0.6825285017336892,-0.7200282286449411,0.7873954703172844,0.3730796053224124,-0.49073412497634195,0.6035678744335458,-0.628463564905428,0.49065198311851654
21:29:14.078874,,0.38978177362785943,-0.7620715572956004,0.055416397500000006,-2.57210198538531,-0.7322782762807181,0.7855794826692392,,0.15730552880512005,0.49635985558181234,-0.4276916304352749,-0.15034655980695377,-0.677114874646508,-0.720242282762467,0.7939978508290854,0.351281804167387,-0.4959900143469933,0.5888980490927433,-0.6464937184424773,0.48485311918292484,,0.0470626482584586,0.2666918504261228,-0.09623928825343546,-0.8917012802295817,0.372008849901004,-0.25783374959895644,-0.432729875789698,-0.8676980968802267,0.24463210596621507,-0.13271654544915515,0.3297111285136812,0.9347068472511996,,-0.011885468134115583,0.7813151674948209,1.1139371938741927,0.9988488698858944,-0.02572247012548613,-0.04048814219392547,0.0031358336654012074,-0.8072434309011702,0.5902103098168745,-0.04786545387745728,-0.5896578650349298,-0.8062335272906689,,0.15176409585881417,0.591740160185384,-0.45295953686845114,0.9613648048612033,-0.274847015389848,0.015389285411398106,-0.24208718769367787,-0.8175182164103367,0.5225492889592597,-0.13104009130318398,-0.5060860440365399,-0.8524701815915317,,0.0,0.0,0.045,1.0,0.0,0.0,0.0,1.0,0.0,0.0,0.0,1.0,,-0.004778288941558408,-0.15716988368721235,0.2612241015305524,False,,0.15729166113849768,0.4963397906226487,-0.42773611806241163,-0.12551164215719118,-0.6824083060998125,-0.7201150820868774,0.7873842499938992,0.3730629340372512,-0.4907648012124165,0.6035502220565827,-0.6286039699313889,0.4904938108090127
21:29:14.092238,,0.389835832757979,-0.7620715572956004,0.05541899008000001,-2.568327807857232,-0.7322782762807181,0.7855794826692392,,0.15730199098005299,0.4963557169558072,-0.4277008354000845,-0.1519717982686869,-0.6761456523274317,-0.7208285144489645,0.7937749710278396,0.3509862963062135,-0.4965803389664225,0.5888021618283527,-0.6476864940053686,0.48340080428387755,,0.047061571903414645,0.26669058401288304,-0.09623857345503034,-0.8917018240302902,0.3720044733221284,-0.25783818345888876,-0.4327266454866746,-0.8677006876027841,0.24462863082539194,-0.13272342410781723,0.32970924852357714,0.9347065336944612,,-0.011885468134115583,0.7813151674948209,1.1139371938741927,0.9988488698858944,-0.02572247012548613,-0.04048814219392547,0.0031358336654012074,-0.8072434309011702,0.5902103098168745,-0.04786545387745728,-0.5896578650349298,-0.8062335272906689,,0.15176409585881417,0.591740160185384,-0.45295953686845114,0.9613648048612033,-0.274847015389848,0.015389285411398106,-0.24208718769367787,-0.8175182164103367,0.5225492889592597,-0.13104009130318398,-0.5060860440365399,-0.8524701815915317,,0.0,0.0,0.045,1.0,0.0,0.0,0.0,1.0,0.0,0.0,0.0,1.0,,-0.004778288941558408,-0.15716988368721235,0.2612241015305524,False,,0.15728783967978477,0.4963391624517869,-0.42773765525932306,-0.12612723334647324,-0.6819706613496347,-0.7204220555110081,0.7873251306558756,0.3729856569238939,-0.49091836222202945,0.6034990137904723,-0.6291245638086254,0.4898889910648474
21:29:14.103975,,0.38989761462097283,-0.7620715572956004,0.05542028637,-2.5645536303291534,-0.7322782762807181,0.7855794826692392,,0.15729645616600804,0.49635222498928067,-0.4277073598872063,-0.15847359716660558,-0.6722603259319938,-0.7231541532716942,0.7928883984216685,0.349818025517301,-0.4989539987681366,0.5883994076004947,-0.6524516529339177,0.4775905505078597,,0.047061571903414645,0.26669058401288304,-0.09623857345503034,-0.8917018240302902,0.3720044733221284,-0.25783818345888876,-0.4327266454866746,-0.8677006876027841,0.24462863082539194,-0.13272342410781723,0.32970924852357714,0.9347065336944612,,-0.011885468134115583,0.7813151674948209,1.1139371938741927,0.9988488698858944,-0.02572247012548613,-0.04048814219392547,0.0031358336654012074,-0.8072434309011702,0.5902103098168745,-0.04786545387745728,-0.5896578650349298,-0.8062335272906689,,0.15176409585881417,0.591740160185384,-0.45295953686845114,0.9613648048612033,-0.274847015389848,0.015389285411398106,-0.24208718769367787,-0.8175182164103367,0.5225492889592597,-0.13104009130318398,-0.5060860440365399,-0.8524701815915317,,0.0,0.0,0.045,1.0,0.0,0.0,0.0,1.0,0.0,0.0,0.0,1.0,,-0.004778288941558408,-0.15716988368721235,0.2612241015305524,False,,0.15726878209578324,0.496334765156648,-0.4277399823228153,-0.12828940442044334,-0.680375664841026,-0.7215474921344955,0.7871369410546523,0.3727306802921335,-0.49141354885278465,0.6032887076189748,-0.6309998372908627,0.487731422607086
21:29:14.116471,,0.3899825646825893,-0.7620715572956004,0.055422878950000004,-2.5588923640370362,-0.7322782762807181,0.7855794826692392,,0.15728442925554104,0.496348280181262,-0.42771358055948905,-0.1576578995600531,-0.6730095797500714,-0.7226336525808884,0.7930117294755875,0.34978587078207185,-0.49877805192973046,0.5884502418997729,-0.6516941412482635,0.47855863030796814,,0.047061571903414645,0.26669058401288304,-0.09623857345503034,-0.8917018240302902,0.3720044733221284,-0.25783818345888876,-0.4327266454866746,-0.8677006876027841,0.24462863082539194,-0.13272342410781723,0.32970924852357714,0.9347065336944612,,-0.011885468134115583,0.7813151674948209,1.1139371938741927,0.9988488698858944,-0.02572247012548613,-0.04048814219392547,0.0031358336654012074,-0.8072434309011702,0.5902103098168745,-0.04786545387745728,-0.5896578650349298,-0.8062335272906689,,0.15176409585881417,0.591740160185384,-0.45295953686845114,0.9613648048612033,-0.274847015389848,0.015389285411398106,-0.24208718769367787,-0.8175182164103367,0.5225492889592597,-0.13104009130318398,-0.5060860440365399,-0.8524701815915317,,0.0,0.0,0.045,1.0,0.0,0.0,0.0,1.0,0.0,0.0,0.0,1.0,,-0.004778288941558408,-0.15716988368721235,0.2612241015305524,False,,0.15721226779273897,0.49632461133314976,-0.42775090459318554,-0.13522736109476302,-0.6752628962848513,-0.7250748800726317,0.7865071407576103,0.3719078446742412,-0.4930426681404454,0.6025944559557741,-0.636949429680846,0.4808069734109624
21:29:14.128593,,0.39009840567570264,-0.7620638345627262,0.055424175240000005,-2.5502956263341914,-0.7322782762807181,0.7855106010251889,,0.15726885105710123,0.49634446093099516,-0.4277194573986127,-0.15632252540805808,-0.6742322732711435,-0.7217802307246157,0.7932119371217728,0.3497359472954504,-0.4984899013140439,0.5885326521041787,-0.6504523046190139,0.4801392595468961,,0.047061571903414645,0.26669058401288304,-0.09623857345503034,-0.8917018240302902,0.3720044733221284,-0.25783818345888876,-0.4327266454866746,-0.8677006876027841,0.24462863082539194,-0.13272342410781723,0.32970924852357714,0.9347065336944612,,-0.011885468134115583,0.7813151674948209,1.1139371938741927,0.9988488698858944,-0.02572247012548613,-0.04048814219392547,0.0031358336654012074,-0.8072434309011702,0.5902103098168745,-0.04786545387745728,-0.5896578650349298,-0.8062335272906689,,0.15176409585881417,0.591740160185384,-0.45295953686845114,0.9613648048612033,-0.274847015389848,0.015389285411398106,-0.24208718769367787,-0.8175182164103367,0.5225492889592597,-0.13104009130318398,-0.5060860440365399,-0.8524701815915317,,0.0,0.0,0.045,1.0,0.0,0.0,0.0,1.0,0.0,0.0,0.0,1.0,,-0.004778288941558408,-0.15716988368721235,0.2612241015305524,False,,0.15715980366802254,0.4963177261791272,-0.4277605952724785,-0.14154582513639274,-0.6705948500557837,-0.7281945663523719,0.7859302367013685,0.3711324841772146,-0.494544580626439,0.6018957072657927,-0.6423108486294706,0.47450851552727774
21:29:14.140382,,0.39024513760031293,-0.7620561118298519,0.05542676782000001,-2.5427472712780346,-0.7322782762807181,0.7854417193811387,,0.15725198209766564,0.4963406326568861,-0.427725134325236,-0.15452482885912067,-0.6758504019963866,-0.7206498267962721,0.7934802318650341,0.34968841000069123,-0.4980913561031901,0.5886417079850746,-0.6487928109239698,0.48224131883104226,,0.0470626482584586,0.2666918504261228,-0.09623928825343546,-0.8917012802295817,0.372008849901004,-0.25783374959895644,-0.432729875789698,-0.8676980968802267,0.24463210596621507,-0.13271654544915515,0.3297111285136812,0.9347068472511996,,-0.011885468134115583,0.7813151674948209,1.1139371938741927,0.9988488698858944,-0.02572247012548613,-0.04048814219392547,0.0031358336654012074,-0.8072434309011702,0.5902103098168745,-0.04786545387745728,-0.5896578650349298,-0.8062335272906689,,0.15176409585881417,0.591740160185384,-0.45295953686845114,0.9613648048612033,-0.274847015389848,0.015389285411398106,-0.24208718769367787,-0.8175182164103367,0.5225492889592597,-0.13104009130318398,-0.5060860440365399,-0.8524701815915317,,0.0,0.0,0.045,1.0,0.0,0.0,0.0,1.0,0.0,0.0,0.0,1.0,,-0.004778288941558408,-0.15716988368721235,0.2612241015305524,False,,0.15711703042218084,0.4963100064640138,-0.42777054973822215,-0.14708390036203056,-0.666496956091412,-0.7308543861640121,0.7854047836312654,0.3704488607836614,-0.4958900759172467,0.6012534009079845,-0.6469539775478392,0.46898283426114074
21:29:14.154088,,0.39056176964815614,-0.7620638345627262,0.05542806411000001,-2.5326827978698265,-0.7324124177491703,0.7851652940570992,,0.15723587867594396,0.4963372797721604,-0.4277305670454086,-0.15245707459230706,-0.6777022611458923,-0.71934944296355,0.7937888074212052,0.3496410902546013,-0.4976319650764644,0.5887642185688983,-0.6468832110132304,0.484650329299007,,0.0470626482584586,0.2666918504261228,-0.09623928825343546,-0.8917012802295817,0.372008849901004,-0.25783374959895644,-0.432729875789698,-0.8676980968802267,0.24463210596621507,-0.13271654544915515,0.3297111285136812,0.9347068472511996,,-0.011885468134115583,0.7813151674948209,1.1139371938741927,0.9988488698858944,-0.02572247012548613,-0.04048814219392547,0.0031358336654012074,-0.8072434309011702,0.5902103098168745,-0.04786545387745728,-0.5896578650349298,-0.8062335272906689,,0.15176409585881417,0.591740160185384,-0.45295953686845114,0.9613648048612033,-0.274847015389848,0.015389285411398106,-0.24208718769367787,-0.8175182164103367,0.5225492889592597,-0.13104009130318398,-0.5060860440365399,-0.8524701815915317,,0.0,0.0,0.045,1.0,0.0,0.0,0.0,1.0,0.0,0.0,0.0,1.0,,-0.004778288941558408,-0.15716988368721235,0.2612241015305524,False,,0.15709094788044897,0.4963071038096295,-0.42777946152696217,-0.15091237293647108,-0.6636244526700322,-0.7326854997289658,0.7851001862492232,0.3699235346540511,-0.49676380309004886,0.600702216781426,-0.6501993266125811,0.4651856429710911
21:29:14.167341,,0.39073166977138907,-0.7620638345627262,0.05542806411000001,-2.5293279734004233,-0.7322782762807181,0.7847529029406365,,0.15721948366944472,0.4963336950796747,-0.4277367461812783,-0.15001173372695592,-0.6797784513155427,-0.7179045774703047,0.7941512034934937,0.3496647033153277,-0.4970389388436089,0.5889054178861065,-0.6446899238114301,0.48739568771373415,,0.047061571903414645,0.26669058401288304,-0.09623857345503034,-0.8917018240302902,0.3720044733221284,-0.25783818345888876,-0.4327266454866746,-0.8677006876027841,0.24462863082539194,-0.13272342410781723,0.32970924852357714,0.9347065336944612,,-0.011885468134115583,0.7813151674948209,1.1139371938741927,0.9988488698858944,-0.02572247012548613,-0.04048814219392547,0.0031358336654012074,-0.8072434309011702,0.5902103098168745,-0.04786545387745728,-0.5896578650349298,-0.8062335272906689,,0.15176409585881417,0.591740160185384,-0.45295953686845114,0.9613648048612033,-0.274847015389848,0.015389285411398106,-0.24208718769367787,-0.8175182164103367,0.5225492889592597,-0.13104009130318398,-0.5060860440365399,-0.8524701815915317,,0.0,0.0,0.045,1.0,0.0,0.0,0.0,1.0,0.0,0.0,0.0,1.0,,-0.004778288941558408,-0.15716988368721235,0.2612241015305524,False,,0.15705553360445218,0.49629784815481776,-0.4277985375399753,-0.1568864661964559,-0.6597019289500332,-0.7349693882496018,0.7843852373763831,0.3689578157503012,-0.4986079918962014,0.6001053541757346,-0.654723983932445,0.4595759662485018
21:29:14.179204,,0.390901569894622,-0.7620638345627262,0.05542806411000001,-2.5282795907537348,-0.7322782762807181,0.784270731432285,,0.157206180017141,0.4963305907778768,-0.4277424150654387,-0.1480559435431319,-0.6813422612563499,-0.716830013909206,0.7944389980159617,0.34975122563610744,-0.49652176873816,0.5890154702946123,-0.6429929326404451,0.489503802397379,,0.0470626482584586,0.2666918504261228,-0.09623928825343546,-0.8917012802295817,0.372008849901004,-0.25783374959895644,-0.432729875789698,-0.8676980968802267,0.24463210596621507,-0.13271654544915515,0.3297111285136812,0.9347068472511996,,-0.011885468134115583,0.7813151674948209,1.1139371938741927,0.9988488698858944,-0.02572247012548613,-0.04048814219392547,0.0031358336654012074,-0.8072434309011702,0.5902103098168745,-0.04786545387745728,-0.5896578650349298,-0.8062335272906689,,0.15176409585881417,0.591740160185384,-0.45295953686845114,0.9613648048612033,-0.274847015389848,0.015389285411398106,-0.24208718769367787,-0.8175182164103367,0.5225492889592597,-0.13104009130318398,-0.5060860440365399,-0.8524701815915317,,0.0,0.0,0.045,1.0,0.0,0.0,0.0,1.0,0.0,0.0,0.0,1.0,,-0.004778288941558408,-0.15716988368721235,0.2612241015305524,False,,0.15705983984180025,0.49629644345809965,-0.4278047727912029,-0.15763933192516233,-0.65957706132424,-0.7349203638524846,0.7842724281334985,0.36860802108366464,-0.4990439712714413,0.6000554970165468,-0.6550467364758522,0.45918098124003415
21:29:14.190615,,0.39104057908635803,-0.7620792800284746,0.0554293604,-2.5278602376950596,-0.7322782762807181,0.7832375067715317,,0.1571953871403241,0.4963277703667972,-0.4277476538013923,-0.146577824939162,-0.6823800975691753,-0.7161487127608406,0.7946548340876868,0.349916704849678,-0.49606313049816164,0.5890969962651287,-0.6418039710223425,0.490967439737888,,0.047061571903414645,0.26669058401288304,-0.09623857345503034,-0.8917018240302902,0.3720044733221284,-0.25783818345888876,-0.4327266454866746,-0.8677006876027841,0.24462863082539194,-0.13272342410781723,0.32970924852357714,0.9347065336944612,,-0.011885468134115583,0.7813151674948209,1.1139371938741927,0.9988488698858944,-0.02572247012548613,-0.04048814219392547,0.0031358336654012074,-0.8072434309011702,0.5902103098168745,-0.04786545387745728,-0.5896578650349298,-0.8062335272906689,,0.15176409585881417,0.591740160185384,-0.45295953686845114,0.9613648048612033,-0.274847015389848,0.015389285411398106,-0.24208718769367787,-0.8175182164103367,0.5225492889592597,-0.13104009130318398,-0.5060860440365399,-0.8524701815915317,,0.0,0.0,0.045,1.0,0.0,0.0,0.0,1.0,0.0,0.0,0.0,1.0,,-0.004778288941558408,-0.15716988368721235,0.2612241015305524,False,,0.15706587261852123,0.4962939254338423,-0.42781051863283515,-0.15792861609304992,-0.6601928188697217,-0.7343051097001745,0.784202629764801,0.3680510891115795,-0.4995644415625985,0.6000706522476371,-0.654739518981886,0.459599145554541
21:29:14.204069,,0.39122592467533945,-0.76212561642572,0.05543065669,-2.5280699142243974,-0.7322782762807181,0.782066518822678,,0.157186429197644,0.49632516630292284,-0.42775255111312743,-0.1455266191609047,-0.6829734809030681,-0.7157988058100729,0.7948069217010618,0.35013468680894244,-0.4956675914457883,0.5891541930870577,-0.6410550899702251,0.4918784517455379,,0.0470626482584586,0.2666918504261228,-0.09623928825343546,-0.8917012802295817,0.372008849901004,-0.25783374959895644,-0.432729875789698,-0.8676980968802267,0.24463210596621507,-0.13271654544915515,0.3297111285136812,0.9347068472511996,,-0.011885468134115583,0.7813151674948209,1.1139371938741927,0.9988488698858944,-0.02572247012548613,-0.04048814219392547,0.0031358336654012074,-0.8072434309011702,0.5902103098168745,-0.04786545387745728,-0.5896578650349298,-0.8062335272906689,,0.15176409585881417,0.591740160185384,-0.45295953686845114,0.9613648048612033,-0.274847015389848,0.015389285411398106,-0.24208718769367787,-0.8175182164103367,0.5225492889592597,-0.13104009130318398,-0.5060860440365399,-0.8524701815915317,,0.0,0.0,0.045,1.0,0.0,0.0,0.0,1.0,0.0,0.0,0.0,1.0,,-0.004778288941558408,-0.15716988368721235,0.2612241015305524,False,,0.1570699759428031,0.4962913134725564,-0.42781621616568416,-0.15821745839673007,-0.6606382179028056,-0.7338422043632301,0.7841348487971957,0.367607257117996,-0.49999744340944685,0.6000831398733667,-0.6545395706604676,0.4598675631954626
21:29:14.215472,,0.39125681560683634,-0.7621565073572169,0.055431952980000004,-2.5310053856351247,-0.7322782762807181,0.7819287555345775,,0.15717921377486188,0.49632287900186545,-0.4277570269318109,-0.14482269212853127,-0.6832268298145463,-0.7157006035831914,0.7949080652532816,0.35038038976993185,-0.4953328349333307,0.5891921781075036,-0.6406516593199229,0.4923595188180079,,0.0470626482584586,0.2666918504261228,-0.09623928825343546,-0.8917012802295817,0.372008849901004,-0.25783374959895644,-0.432729875789698,-0.8676980968802267,0.24463210596621507,-0.13271654544915515,0.3297111285136812,0.9347068472511996,,-0.011885468134115583,0.7813151674948209,1.1139371938741927,0.9988488698858944,-0.02572247012548613,-0.04048814219392547,0.0031358336654012074,-0.8072434309011702,0.5902103098168745,-0.04786545387745728,-0.5896578650349298,-0.8062335272906689,,0.15176409585881417,0.591740160185384,-0.45295953686845114,0.9613648048612033,-0.274847015389848,0.015389285411398106,-0.24208718769367787,-0.8175182164103367,0.5225492889592597,-0.13104009130318398,-0.5060860440365399,-0.8524701815915317,,0.0,0.0,0.045,1.0,0.0,0.0,0.0,1.0,0.0,0.0,0.0,1.0,,-0.004778288941558408,-0.15716988368721235,0.2612241015305524,False,,0.15707819785591176,0.4962908567870621,-0.42781968839337947,-0.15774197594323297,-0.6612977395056546,-0.7333503724347836,0.7841499326838776,0.36749458743537317,-0.5000566080731011,0.6001885971071048,-0.653936562619354,0.4605872555468605
21:29:14.227384,,0.3912722610725848,-0.7622105664873364,0.055431952980000004,-2.5364569753979045,-0.7322782762807181,0.7819287555345775,,0.15717657531540324,0.49632099493590454,-0.4277609624368138,-0.14516238268677,-0.6826185837011532,-0.716211025483392,0.7948587187779489,0.3505979758129173,-0.49525665843479877,0.58917398196188,-0.6411797015869709,0.49169206871523324,,0.047061571903414645,0.26669058401288304,-0.09623857345503034,-0.8917018240302902,0.3720044733221284,-0.25783818345888876,-0.4327266454866746,-0.8677006876027841,0.24462863082539194,-0.13272342410781723,0.32970924852357714,0.9347065336944612,,-0.011885468134115583,0.7813151674948209,1.1139371938741927,0.9988488698858944,-0.02572247012548613,-0.04048814219392547,0.0031358336654012074,-0.8072434309011702,0.5902103098168745,-0.04786545387745728,-0.5896578650349298,-0.8062335272906689,,0.15176409585881417,0.591740160185384,-0.45295953686845114,0.9613648048612033,-0.274847015389848,0.015389285411398106,-0.24208718769367787,-0.8175182164103367,0.5225492889592597,-0.13104009130318398,-0.5060860440365399,-0.8524701815915317,,0.0,0.0,0.045,1.0,0.0,0.0,0.0,1.0,0.0,0.0,0.0,1.0,,-0.004778288941558408,-0.15716988368721235,0.2612241015305524,False,,0.1571369984235239,0.49629273394649076,-0.4278199950118572,-0.15155550831398945,-0.6662042565330417,-0.7302073790896291,0.7846661328353359,0.36816404732619606,-0.49875273857657487,0.6011073014703174,-0.6485577251360526,0.4669506283167647
21:29:14.238932,,0.3912490928739621,-0.7622723483503302,0.05543584185000001,-2.5396021233379695,-0.7322782762807181,0.7817909922464771,,0.15717531819552105,0.49631914239798375,-0.4277644892698773,-0.1457586137686196,-0.6818203429680675,-0.7168489990442881,0.7947725600405607,0.35079348100200136,-0.49525503783072455,0.5891417871128004,-0.6419205516300641,0.49076165404005473,,0.0470626482584586,0.2666918504261228,-0.09623928825343546,-0.8917012802295817,0.372008849901004,-0.25783374959895644,-0.432729875789698,-0.8676980968802267,0.24463210596621507,-0.13271654544915515,0.3297111285136812,0.9347068472511996,,-0.011885468134115583,0.7813151674948209,1.1139371938741927,0.9988488698858944,-0.02572247012548613,-0.04048814219392547,0.0031358336654012074,-0.8072434309011702,0.5902103098168745,-0.04786545387745728,-0.5896578650349298,-0.8062335272906689,,0.15176409585881417,0.591740160185384,-0.45295953686845114,0.9613648048612033,-0.274847015389848,0.015389285411398106,-0.24208718769367787,-0.8175182164103367,0.5225492889592597,-0.13104009130318398,-0.5060860440365399,-0.8524701815915317,,0.0,0.0,0.045,1.0,0.0,0.0,0.0,1.0,0.0,0.0,0.0,1.0,,-0.004778288941558408,-0.15716988368721235,0.2612241015305524,False,,0.15715520427740626,0.49628950179125086,-0.42782091859889404,-0.1492273694081575,-0.6680608179115769,-0.7289896678217299,0.7848529413368995,0.3684074585839382,-0.49827884255157895,0.6014458019591945,-0.6465065258998077,0.46935302201501017
21:29:14.250230,,0.391210479209591,-0.7623418529461983,0.05543843443,-2.5419085651606843,-0.7322782762807181,0.7815843473143266,,0.15717480107798865,0.49631734917671544,-0.4277677447120903,-0.1465256543533568,-0.6809440433547004,-0.7175247032485822,0.7946620489944011,0.35094086878482234,-0.49532715637290425,0.5890999217791782,-0.6427689894294835,0.48969946469590914,,0.047061571903414645,0.26669058401288304,-0.09623857345503034,-0.8917018240302902,0.3720044733221284,-0.25783818345888876,-0.4327266454866746,-0.8677006876027841,0.24462863082539194,-0.13272342410781723,0.32970924852357714,0.9347065336944612,,-0.011885468134115583,0.7813151674948209,1.1139371938741927,0.9988488698858944,-0.02572247012548613,-0.04048814219392547,0.0031358336654012074,-0.8072434309011702,0.5902103098168745,-0.04786545387745728,-0.5896578650349298,-0.8062335272906689,,0.15176409585881417,0.591740160185384,-0.45295953686845114,0.9613648048612033,-0.274847015389848,0.015389285411398106,-0.24208718769367787,-0.8175182164103367,0.5225492889592597,-0.13104009130318398,-0.5060860440365399,-0.8524701815915317,,0.0,0.0,0.045,1.0,0.0,0.0,0.0,1.0,0.0,0.0,0.0,1.0,,-0.004778288941558408,-0.15716988368721235,0.2612241015305524,False,,0.15716601007993813,0.4962868644151538,-0.42782308722971074,-0.14751332769616882,-0.669475242986995,-0.7280403266162572,0.7849827445660458,0.3685590173815001,-0.4979621887657144,0.6016991847140567,-0.6449551532736884,0.47115914655257657
21:29:14.262311,,0.3910637472849807,-0.7624885848708085,0.055442323300000006,-2.5448440365714116,-0.7322782762807181,0.7814465840262261,,0.1571747954413161,0.49631561225812987,-0.4277707236753815,-0.14746550581915102,-0.6799844701722331,-0.7182421670292288,0.7945270148245014,0.3510427411943705,-0.4954720800908582,0.5890479716358606,-0.6437288868460719,0.48850012582633867,,0.0470626482584586,0.2666918504261228,-0.09623928825343546,-0.8917012802295817,0.372008849901004,-0.25783374959895644,-0.432729875789698,-0.8676980968802267,0.24463210596621507,-0.13271654544915515,0.3297111285136812,0.9347068472511996,,-0.011885468134115583,0.7813151674948209,1.1139371938741927,0.9988488698858944,-0.02572247012548613,-0.04048814219392547,0.0031358336654012074,-0.8072434309011702,0.5902103098168745,-0.04786545387745728,-0.5896578650349298,-0.8062335272906689,,0.15176409585881417,0.591740160185384,-0.45295953686845114,0.9613648048612033,-0.274847015389848,0.015389285411398106,-0.24208718769367787,-0.8175182164103367,0.5225492889592597,-0.13104009130318398,-0.5060860440365399,-0.8524701815915317,,0.0,0.0,0.045,1.0,0.0,0.0,0.0,1.0,0.0,0.0,0.0,1.0,,-0.004778288941558408,-0.15716988368721235,0.2612241015305524,False,,0.15717469398121034,0.49628434772358954,-0.4278243450146239,-0.1458016630953926,-0.6707638097350301,-0.7271985881369449,0.7851190528065615,0.3687850509062602,-0.49757980178881345,0.6019384918401094,-0.6434854293438318,0.47285997320923573
21:29:14.273945,,0.39100196542198695,-0.7625580894666766,0.055442323300000006,-2.5442150069833986,-0.7322782762807181,0.7814465840262261,,0.15717458423632688,0.4963139253214906,-0.42777357585733505,-0.14840801900221212,-0.67906238934411,-0.7189217077922327,0.7943921347818509,0.3511173729659446,-0.4956377883687043,0.5889951500253341,-0.644662665617108,0.48733340893773336,,0.047061571903414645,0.26669058401288304,-0.09623857345503034,-0.8917018240302902,0.3720044733221284,-0.25783818345888876,-0.4327266454866746,-0.8677006876027841,0.24462863082539194,-0.13272342410781723,0.32970924852357714,0.9347065336944612,,-0.011885468134115583,0.7813151674948209,1.1139371938741927,0.9988488698858944,-0.02572247012548613,-0.04048814219392547,0.0031358336654012074,-0.8072434309011702,0.5902103098168745,-0.04786545387745728,-0.5896578650349298,-0.8062335272906689,,0.15176409585881417,0.591740160185384,-0.45295953686845114,0.9613648048612033,-0.274847015389848,0.015389285411398106,-0.24208718769367787,-0.8175182164103367,0.5225492889592597,-0.13104009130318398,-0.5060860440365399,-0.8524701815915317,,0.0,0.0,0.045,1.0,0.0,0.0,0.0,1.0,0.0,0.0,0.0,1.0,,-0.004778288941558408,-0.15716988368721235,0.2612241015305524,False,,0.1571705713415319,0.4962818735253437,-0.4278277673144523,-0.1453207277754468,-0.6710990486490531,-0.7269855246022102,0.785142387310978,0.3688823891030073,-0.4974708178951567,0.6020243497786723,-0.6430799716302739,0.47330205193044905
21:29:14.285531,,0.3909479062918674,-0.7626275940625445,0.05544491588000001,-2.5425375947486972,-0.7322782762807181,0.7814465840262261,,0.1571738357914227,0.4963123099373759,-0.4277763748862838,-0.14881499963651507,-0.6786646703130403,-0.7192134799776349,0.7943333643654937,0.3511492388224816,-0.49570998271131383,0.588972215616699,-0.6450644510223358,0.4868297976585581,,0.0470626482584586,0.2666918504261228,-0.09623928825343546,-0.8917012802295817,0.372008849901004,-0.25783374959895644,-0.432729875789698,-0.8676980968802267,0.24463210596621507,-0.13271654544915515,0.3297111285136812,0.9347068472511996,,-0.011885468134115583,0.7813151674948209,1.1139371938741927,0.9988488698858944,-0.02572247012548613,-0.04048814219392547,0.0031358336654012074,-0.8072434309011702,0.5902103098168745,-0.04786545387745728,-0.5896578650349298,-0.8062335272906689,,0.15176409585881417,0.591740160185384,-0.45295953686845114,0.9613648048612033,-0.274847015389848,0.015389285411398106,-0.24208718769367787,-0.8175182164103367,0.5225492889592597,-0.13104009130318398,-0.5060860440365399,-0.8524701815915317,,0.0,0.0,0.045,1.0,0.0,0.0,0.0,1.0,0.0,0.0,0.0,1.0,,-0.004778288941558408,-0.15716988368721235,0.2612241015305524,False,,0.1571588668933389,0.4962800022550823,-0.4278323554652576,-0.14576561940573568,-0.6706883594831579,-0.7272754008304234,0.7850828295170396,0.3689017566402779,-0.49755044442271024,0.601994464257589,-0.6434971782389632,0.47277272193064485
21:29:14.298625,,0.39091701536037043,-0.7627279895899095,0.05544750846,-2.541069859043333,-0.7321441348122658,0.7813786011300144,,0.15717157025884657,0.496310292274921,-0.4277795838508236,-0.1488123909917935,-0.6786503071717997,-0.7192275860202274,0.7943337565268214,0.35116069506595815,-0.49570125792894426,0.588972361965186,-0.6450733403621415,0.4868178612425132,,0.047061571903414645,0.26669058401288304,-0.09623857345503034,-0.8917018240302902,0.3720044733221284,-0.25783818345888876,-0.4327266454866746,-0.8677006876027841,0.24462863082539194,-0.13272342410781723,0.32970924852357714,0.9347065336944612,,-0.011885468134115583,0.7813151674948209,1.1139371938741927,0.9988488698858944,-0.02572247012548613,-0.04048814219392547,0.0031358336654012074,-0.8072434309011702,0.5902103098168745,-0.04786545387745728,-0.5896578650349298,-0.8062335272906689,,0.15176409585881417,0.591740160185384,-0.45295953686845114,0.9613648048612033,-0.274847015389848,0.015389285411398106,-0.24208718769367787,-0.8175182164103367,0.5225492889592597,-0.13104009130318398,-0.5060860440365399,-0.8524701815915317,,0.0,0.0,0.045,1.0,0.0,0.0,0.0,1.0,0.0,0.0,0.0,1.0,,-0.004778288941558408,-0.15716988368721235,0.2612241015305524,False,,0.1571239940747483,0.4962679213633695,-0.4278469721061595,-0.14803401773210717,-0.6688860946721693,-0.7284760270237479,0.7847329820607287,0.3688479331195706,-0.4981418965510701,0.6018970646714988,-0.6454011113932442,0.47029493825917273
21:29:14.310647,,0.39090929262749624,-0.7628052169186518,0.055448804750000004,-2.540231152925983,-0.7321441348122658,0.7813786011300144,,0.1571690795477242,0.4963082894974374,-0.42778281271798274,-0.1486166959328808,-0.678826051533232,-0.719101987325772,0.7943620233582394,0.3511560566471072,-0.4956589537699656,0.5889834057613821,-0.6448906995498809,0.4870461293326,,0.047061571903414645,0.26669058401288304,-0.09623857345503034,-0.8917018240302902,0.3720044733221284,-0.25783818345888876,-0.4327266454866746,-0.8677006876027841,0.24462863082539194,-0.13272342410781723,0.32970924852357714,0.9347065336944612,,-0.011885468134115583,0.7813151674948209,1.1139371938741927,0.9988488698858944,-0.02572247012548613,-0.04048814219392547,0.0031358336654012074,-0.8072434309011702,0.5902103098168745,-0.04786545387745728,-0.5896578650349298,-0.8062335272906689,,0.15176409585881417,0.591740160185384,-0.45295953686845114,0.9613648048612033,-0.274847015389848,0.015389285411398106,-0.24208718769367787,-0.8175182164103367,0.5225492889592597,-0.13104009130318398,-0.5060860440365399,-0.8524701815915317,,0.0,0.0,0.045,1.0,0.0,0.0,0.0,1.0,0.0,0.0,0.0,1.0,,-0.004778288941558408,-0.15716988368721235,0.2612241015305524,False,,0.15711428390303164,0.49626422839279627,-0.42785384779548463,-0.14862507178150858,-0.66839244094374,-0.7288087080484223,0.7846428403812281,0.36884864082890245,-0.4982833462972147,0.6018689235011391,-0.6459119328886411,0.46962918763173084
21:29:14.322382,,0.3909247380932447,-0.7629751170418847,0.055450101040000005,-2.539392446808632,-0.7321441348122658,0.7813097194859642,,0.15716654218610912,0.49630635317514943,-0.427786100253108,-0.1482503778034912,-0.679157388601207,-0.718864619653768,0.7944151426080357,0.35114580420089275,-0.4955809518006195,0.5890039737358499,-0.6445472365164113,0.4874755924381044,,0.0470626482584586,0.2666918504261228,-0.09623928825343546,-0.8917012802295817,0.372008849901004,-0.25783374959895644,-0.432729875789698,-0.8676980968802267,0.24463210596621507,-0.13271654544915515,0.3297111285136812,0.9347068472511996,,-0.011885468134115583,0.7813151674948209,1.1139371938741927,0.9988488698858944,-0.02572247012548613,-0.04048814219392547,0.0031358336654012074,-0.8072434309011702,0.5902103098168745,-0.04786545387745728,-0.5896578650349298,-0.8062335272906689,,0.15176409585881417,0.591740160185384,-0.45295953686845114,0.9613648048612033,-0.274847015389848,0.015389285411398106,-0.24208718769367787,-0.8175182164103367,0.5225492889592597,-0.13104009130318398,-0.5060860440365399,-0.8524701815915317,,0.0,0.0,0.045,1.0,0.0,0.0,0.0,1.0,0.0,0.0,0.0,1.0,,-0.004778288941558408,-0.15716988368721235,0.2612241015305524,False,,0.15710818286896272,0.4962618177625271,-0.4278617135609887,-0.14890394791038447,-0.6681453637389927,-0.7289783173804216,0.7845730916832594,0.36888778053923593,-0.4983641933118874,0.6018909187745511,-0.6461451681185317,0.4692800268643457
21:29:14.333684,,0.3909479062918674,-0.7630677898363754,0.055450101040000005,-2.539392446808632,-0.7321441348122658,0.7813097194859642,,0.15716396712009353,0.4963044245047983,-0.4277894299405107,-0.1478092030285426,-0.6795415125662616,-0.7185925554689933,0.7944792245095196,0.35114380158266256,-0.4954798492462251,0.5890285985408971,-0.6441435025562758,0.48797945324748426,,0.0470626482584586,0.2666918504261228,-0.09623928825343546,-0.8917012802295817,0.372008849901004,-0.25783374959895644,-0.432729875789698,-0.8676980968802267,0.24463210596621507,-0.13271654544915515,0.3297111285136812,0.9347068472511996,,-0.011885468134115583,0.7813151674948209,1.1139371938741927,0.9988488698858944,-0.02572247012548613,-0.04048814219392547,0.0031358336654012074,-0.8072434309011702,0.5902103098168745,-0.04786545387745728,-0.5896578650349298,-0.8062335272906689,,0.15176409585881417,0.591740160185384,-0.45295953686845114,0.9613648048612033,-0.274847015389848,0.015389285411398106,-0.24208718769367787,-0.8175182164103367,0.5225492889592597,-0.13104009130318398,-0.5060860440365399,-0.8524701815915317,,0.0,0.0,0.045,1.0,0.0,0.0,0.0,1.0,0.0,0.0,0.0,1.0,,-0.004778288941558408,-0.15716988368721235,0.2612241015305524,False,,0.15710216553571962,0.4962581364163703,-0.42786934243817665,-0.14918280822935542,-0.6679484002901858,-0.7291017928098826,0.78450334187914,0.36889263375918807,-0.4984703916369263,0.6019127813140908,-0.6463460058730085,0.46897531319115743
21:29:14.346150,,0.39097107449049,-0.7631527398979918,0.055450101040000005,-2.5396021233379695,-0.7322782762807181,0.7813777023821759,,0.1571614974773476,0.49630255194863343,-0.42779283479211494,-0.14739406389030585,-0.6798863340324175,-0.718351907804124,0.7945395253188372,0.3511534272068992,-0.4953767394488058,0.5890516389553478,-0.6437746065796421,0.4884386586739522,,0.047061571903414645,0.26669058401288304,-0.09623857345503034,-0.8917018240302902,0.3720044733221284,-0.25783818345888876,-0.4327266454866746,-0.8677006876027841,0.24462863082539194,-0.13272342410781723,0.32970924852357714,0.9347065336944612,,-0.011885468134115583,0.7813151674948209,1.1139371938741927,0.9988488698858944,-0.02572247012548613,-0.04048814219392547,0.0031358336654012074,-0.8072434309011702,0.5902103098168745,-0.04786545387745728,-0.5896578650349298,-0.8062335272906689,,0.15176409585881417,0.591740160185384,-0.45295953686845114,0.9613648048612033,-0.274847015389848,0.015389285411398106,-0.24208718769367787,-0.8175182164103367,0.5225492889592597,-0.13104009130318398,-0.5060860440365399,-0.8524701815915317,,0.0,0.0,0.045,1.0,0.0,0.0,0.0,1.0,0.0,0.0,0.0,1.0,,-0.004778288941558408,-0.15716988368721235,0.2612241015305524,False,,0.15709975640869883,0.4962557380445114,-0.42787795608222096,-0.14914955780265693,-0.6679482401015754,-0.72910874220001,0.7844540156861618,0.36897011449720835,-0.49849067381624335,0.6019853043730614,-0.6463019442591253,0.4689429497985309
21:29:14.358397,,0.3909942426891127,-0.7632222444938599,0.055451397330000006,-2.5398117998673073,-0.7322782762807181,0.7813777023821759,,0.15715918663155476,0.49630067341626183,-0.4277964728170472,-0.14721795211659017,-0.6800232638455375,-0.7182584461339544,0.7945649815034077,0.3511639495844295,-0.49532850808332884,0.5890613932200867,-0.6436242703475604,0.4886250442583595,,0.047061571903414645,0.26669058401288304,-0.09623857345503034,-0.8917018240302902,0.3720044733221284,-0.25783818345888876,-0.4327266454866746,-0.8677006876027841,0.24462863082539194,-0.13272342410781723,0.32970924852357714,0.9347065336944612,,-0.011885468134115583,0.7813151674948209,1.1139371938741927,0.9988488698858944,-0.02572247012548613,-0.04048814219392547,0.0031358336654012074,-0.8072434309011702,0.5902103098168745,-0.04786545387745728,-0.5896578650349298,-0.8062335272906689,,0.15176409585881417,0.591740160185384,-0.45295953686845114,0.9613648048612033,-0.274847015389848,0.015389285411398106,-0.24208718769367787,-0.8175182164103367,0.5225492889592597,-0.13104009130318398,-0.5060860440365399,-0.8524701815915317,,0.0,0.0,0.045,1.0,0.0,0.0,0.0,1.0,0.0,0.0,0.0,1.0,,-0.004778288941558408,-0.15716988368721235,0.2612241015305524,False,,0.15709910464094143,0.49625183157460095,-0.4278910614652873,-0.14877903289316452,-0.6681272237920444,-0.7290204470378802,0.7844800150172822,0.369091736593689,-0.498359705450531,0.6020431092620028,-0.6460474462500342,0.46921934293457024
