camera_matrix:
- [411.84615575974385, 0.0, 247.77683719452986]
- [0.0, 413.83102454736036, 187.53929673169665]
- [0.0, 0.0, 1.0]
dist_coeff:
- [0.13672779748382666, -0.13551328742974708, -0.0022080569905767373, -0.0002405519933670455,
  -0.3437789193047857]
mean reprojection error: [0.06962677295841331]
