System Time,q_des,q0,q1,q2,q3,q4,q5,T_des,Tx,Ty,Tz,R00,R01,R02,R10,R11,R12,R20,R21,R22,T_target,Tx,Ty,Tz,R00,R01,R02,R10,R11,R12,R20,R21,R22,worldFrame,Tx,Ty,Tz,R00,R01,R02,R10,R11,R12,R20,R21,R22,ECM_T_PSM_RCM,Tx,Ty,Tz,R00,R01,R02,R10,R11,R12,R20,R21,R22,psm3_T_cam,Tx,Ty,Tz,R00,R01,R02,R10,R11,R12,R20,R21,R22,offset,x,y,z,IK Trigered,ECM_T_PSM3,Tx,Ty,Tz,R00,R01,R02,R10,R11,R12,R20,R21,R22
08:40:05.165909,,-0.5339420281910083,-0.9330760313295537,0.09260177244000001,-2.9878905430619276,-0.9285272446263291,0.9738268990075278,,0.11497876792590228,0.5197782395953792,-0.4030422943587881,0.07675889636754124,-0.6414829671460522,-0.7632874128989249,0.725764953043589,0.5608600654208634,-0.39837321690814226,0.6836470615471656,-0.5233885649090947,0.5086168551673492,,-0.04238920541832643,0.26330664458920594,-0.14507336532889029,0.9273484511652806,-0.12930419845807112,0.3511485075896953,0.19683712496167766,0.9666432065213496,-0.16387817891026263,-0.3182451827729297,0.2210912380607583,0.9218669470669753,,-0.09238737736575744,0.614064795812981,1.184690025145093,0.9963149889270091,0.045169590894683045,-0.072911939336304,0.08303179706206477,-0.7210212578723798,0.6879201017362229,-0.021497988650522628,-0.6914391178943653,-0.722114798857802,,0.0,0.0,0.0,1.0,0.0,0.0,0.0,1.0,0.0,0.0,0.0,1.0,,0.0,0.0,0.045,1.0,0.0,0.0,0.0,1.0,0.0,0.0,0.0,1.0,,-0.02272741252427273,-0.20692986320293497,0.201818166158785,True,,0.11497876792590228,0.5197782395953792,-0.4030422943587881,-0.09741656899717908,0.028871672334774667,-0.9948248281086534,0.7819436206252703,0.6205923993973844,-0.05855978119529809,0.6156900082413728,-0.7836016209444638,-0.08303200229398035
08:40:27.389691,,-0.5645008821743147,-0.9330991995281764,0.09264325372000001,-3.316453664534071,-0.9364415912650106,0.47830820723181927,,0.1151555279137301,0.5200720970869549,-0.40208383042483203,-0.023834219782756242,-0.47843052263706337,-0.8778018939240074,0.7225395045131038,0.5985906183247197,-0.34586982532679655,0.6909186597460707,-0.6424900829295787,0.3314180124130818,,-0.04377734356802287,0.26313293935652105,-0.15028510557670083,0.534357860951988,-0.6207605729125625,0.2996780680686383,0.6868248267053925,0.5116605281707708,-0.16481540661717253,-0.05850034859034528,0.33696998672662737,0.8023203189409659,,-0.09238737736575744,0.614064795812981,1.184690025145093,0.9963149889270091,0.045169590894683045,-0.072911939336304,0.08303179706206477,-0.7210212578723798,0.6879201017362229,-0.021497988650522628,-0.6914391178943653,-0.722114798857802,,0.15595545560623456,0.6474564293521036,-0.39250663083850057,0.9992688401529719,0.017661776787636512,-0.03390939014547621,0.03552403521308481,-0.7568169953866755,0.6526607682525928,-0.014136053958369189,-0.6533881672746981,-0.7568910587686299,,0.0,0.0,0.045,1.0,0.0,0.0,0.0,1.0,0.0,0.0,0.0,1.0,,-0.02272741252427273,-0.20692986320293497,0.201818166158785,True,,0.11515710324940512,0.5197437888976623,-0.4029625735461019,0.07677040229860249,-0.6434156458138764,-0.7616578050888887,0.7258751174583329,0.5597689553396481,-0.3997049292826033,0.6835287990902523,-0.5221829405101931,0.5100130953753699
08:40:27.438461,,-0.5645008821743147,-0.9330991995281764,0.09264325372000001,-3.316453664534071,-0.9364415912650106,0.47830820723181927,,0.11518829200616368,0.5200855592231698,-0.4020724892209552,-0.02477331990564245,-0.48038826005818386,-0.876705995313779,0.7225178086433631,0.5974916037286402,-0.3478100051277574,0.6909083143326948,-0.6420521030820232,0.33228722231513214,,-0.043468232401785545,0.2627376091644593,-0.15034747470130932,0.3696418358185154,-0.7452873080487314,0.3059036682913606,0.8048849327171848,0.32722949211001384,-0.17534656306353136,0.03450320126435072,0.3509031213238427,0.8132292672719139,,-0.09238737736575744,0.614064795812981,1.184690025145093,0.9963149889270091,0.045169590894683045,-0.072911939336304,0.08303179706206477,-0.7210212578723798,0.6879201017362229,-0.021497988650522628,-0.6914391178943653,-0.722114798857802,,0.15595545560623456,0.6474564293521036,-0.39250663083850057,0.9992688401529719,0.017661776787636512,-0.03390939014547621,0.03552403521308481,-0.7568169953866755,0.6526607682525928,-0.014136053958369189,-0.6533881672746981,-0.7568910587686299,,0.0,0.0,0.045,1.0,0.0,0.0,0.0,1.0,0.0,0.0,0.0,1.0,,-0.02272741252427273,-0.20692986320293497,0.201818166158785,True,,0.11515693324681237,0.5197439419272059,-0.40296378017478096,0.07676618234913649,-0.6434101807326532,-0.7616628470505266,0.7258703178135727,0.5597737981962242,-0.39970686330133975,0.68353436999522,-0.5221844829009643,0.5100040498394992
08:40:27.549005,,-0.5642460319894653,-0.9330991995281764,0.09262510566000001,-3.307227897243213,-0.9344294692382272,0.4805259010590057,,-0.02125736992472077,0.5142029015579508,-0.347155032536645,-0.4519881947865758,-0.11147866142214923,0.8850306095390702,-0.6682112404582297,0.6995818307181849,-0.2531383026218413,-0.5909318149320161,-0.7058029258769893,-0.3906940234053175,,-0.04316922977557969,0.26247610475026917,-0.15006463082264154,0.28096326050126297,-0.8001837795713879,0.31339875033994546,0.8554261824477903,0.22887023517946326,-0.18253129426755335,0.08221255492070813,0.35323865291759504,0.8282009185298357,,-0.09238737736575744,0.614064795812981,1.184690025145093,0.9963149889270091,0.045169590894683045,-0.072911939336304,0.08303179706206477,-0.7210212578723798,0.6879201017362229,-0.021497988650522628,-0.6914391178943653,-0.722114798857802,,0.15595545560623456,0.6474564293521036,-0.39250663083850057,0.9992688401529719,0.017661776787636512,-0.03390939014547621,0.03552403521308481,-0.7568169953866755,0.6526607682525928,-0.014136053958369189,-0.6533881672746981,-0.7568910587686299,,0.0,0.0,0.045,1.0,0.0,0.0,0.0,1.0,0.0,0.0,0.0,1.0,,-0.02272741252427273,-0.20692986320293497,0.201818166158785,True,,0.11510682188042132,0.5197633982563121,-0.4029848417196876,0.07096934570978067,-0.6365253183176681,-0.7679836398713954,0.7263736211251278,0.5606505453762318,-0.39755795615595885,0.6836261511258147,-0.5296286294281354,0.502144202781412
08:40:27.660436,,-0.5574731952587705,-0.9326435582885971,0.09231269977,-3.225454050801518,-0.9116254196013482,0.5303423535517812,,-0.02270975189274224,0.5087461206292552,-0.3475074667430618,-0.39810147076549585,-0.15127413359953018,0.9047824907004227,-0.6839337909958556,0.7062589589881929,-0.18284652685504163,-0.6113507900611452,-0.6916027901567674,-0.38462422198684776,,-0.04294336027446234,0.2622991398426853,-0.14979445896867646,0.22573243454161201,-0.8307640048320623,0.31930002226002785,0.8830350469209486,0.16788821012897243,-0.18745432177720667,0.11122248805515603,0.35315886668612395,0.8402290407833672,,-0.09238737736575744,0.614064795812981,1.184690025145093,0.9963149889270091,0.045169590894683045,-0.072911939336304,0.08303179706206477,-0.7210212578723798,0.6879201017362229,-0.021497988650522628,-0.6914391178943653,-0.722114798857802,,0.15595545560623456,0.6474564293521036,-0.39250663083850057,0.9992688401529719,0.017661776787636512,-0.03390939014547621,0.03552403521308481,-0.7568169953866755,0.6526607682525928,-0.014136053958369189,-0.6533881672746981,-0.7568910587686299,,0.0,0.0,0.045,1.0,0.0,0.0,0.0,1.0,0.0,0.0,0.0,1.0,,-0.02272741252427273,-0.20692986320293497,0.201818166158785,True,,0.11503773002327064,0.5199220265503586,-0.4030190627666236,0.01720238964295004,-0.5510960398393562,-0.8342644860378217,0.7284618459065527,0.5784401376083844,-0.36708356849906953,0.684870364995442,-0.6014151328965476,0.41140299108542966
08:40:27.767162,,-0.5575195316560158,-0.9245346887706614,0.09248510634000001,-3.2191637549213876,-0.8894920773067305,0.5207783351340741,,-0.024723319361997065,0.4869806731066594,-0.3495163524002495,-0.17466959398729168,-0.3074203189779724,0.9354054096571157,-0.7216591742017036,0.6862696379947851,0.09078557295640145,-0.6698496616606073,-0.6591864163087621,-0.34172313256082254,,-0.04169309155874159,0.2614400440469947,-0.14795972985909434,-0.010365649921075915,-0.9354054096370319,0.35342505978007405,0.9731001068600473,-0.09078557295445222,-0.21174078900711357,0.23014937603160443,0.3417231325534855,0.911184155561956,,-0.09238737736575744,0.614064795812981,1.184690025145093,0.9963149889270091,0.045169590894683045,-0.072911939336304,0.08303179706206477,-0.7210212578723798,0.6879201017362229,-0.021497988650522628,-0.6914391178943653,-0.722114798857802,,0.15595545560623456,0.6474564293521036,-0.39250663083850057,0.9992688401529719,0.017661776787636512,-0.03390939014547621,0.03552403521308481,-0.7568169953866755,0.6526607682525928,-0.014136053958369189,-0.6533881672746981,-0.7568910587686299,,0.0,0.0,0.045,1.0,0.0,0.0,0.0,1.0,0.0,0.0,0.0,1.0,,-0.02272741252427273,-0.20692986320293497,0.201818166158785,True,,0.11450687880732766,0.5196632027716312,-0.4022218943295471,0.007927137671113166,-0.55452877901862,-0.8321267894548654,0.7209057154246807,0.5798591386910187,-0.3795501663081432,0.6929878137141896,-0.5968762120545839,0.40435958938424965
08:40:27.870191,,-0.592202324994158,-0.8956053314238164,0.09503750135000001,-3.214970224334634,-0.8599809542472401,0.502240252476913,,-0.027249213939343417,0.486311034416367,-0.3486026426220077,-0.17467077518279583,-0.3074218889388921,0.9354046731218979,-0.7216590812241761,0.6862696899355406,0.09078591940634231,-0.6698494538205724,-0.659185630059561,-0.3417250566453394,,-0.04169278127397366,0.2614397254800595,-0.14795992737144142,-0.01036475397183495,-0.9354046731085087,0.3534270354305676,0.9730996339521397,-0.09078591940504283,-0.21174281383642113,0.2301514159171904,0.34172505664044805,0.9111829187307934,,-0.09238737736575744,0.614064795812981,1.184690025145093,0.9963149889270091,0.045169590894683045,-0.072911939336304,0.08303179706206477,-0.7210212578723798,0.6879201017362229,-0.021497988650522628,-0.6914391178943653,-0.722114798857802,,0.15595545560623456,0.6474564293521036,-0.39250663083850057,0.9992688401529719,0.017661776787636512,-0.03390939014547621,0.03552403521308481,-0.7568169953866755,0.6526607682525928,-0.014136053958369189,-0.6533881672746981,-0.7568910587686299,,0.0,0.0,0.045,1.0,0.0,0.0,0.0,1.0,0.0,0.0,0.0,1.0,,-0.02272741252427273,-0.20692986320293497,0.201818166158785,True,,0.10945466520490828,0.5183242976577227,-0.4003945754938165,0.004850428022385778,-0.537191109965376,-0.8434466104752374,0.7202610939152446,0.5869777315727585,-0.369704069804099,0.6936861177362676,-0.6057085553398318,0.38976494974294307
08:40:27.971139,,-0.624776812257637,-0.8560803845735353,0.09953562765000001,-3.2116153998652313,-0.8308722555931064,0.4833550653559849,,-0.03045411767264747,0.48492671214426764,-0.3470858355634735,-0.17459843605862146,-0.3074660249127707,0.9354036720316117,-0.7216647734183238,0.6862528907182166,0.09086762233034815,-0.6698621805513152,-0.6591825342841169,-0.34170608066261604,,-0.041692878359942044,0.2614398158950278,-0.14795986785195042,-0.010442799407184677,-0.9354036654025104,0.3534273850712665,0.9730917573427356,-0.09086762168637946,-0.21174393249137363,0.23018115813070297,0.34170607824098326,0.9111825153946924,,-0.09238737736575744,0.614064795812981,1.184690025145093,0.9963149889270091,0.045169590894683045,-0.072911939336304,0.08303179706206477,-0.7210212578723798,0.6879201017362229,-0.021497988650522628,-0.6914391178943653,-0.722114798857802,,0.15595545560623456,0.6474564293521036,-0.39250663083850057,0.9992688401529719,0.017661776787636512,-0.03390939014547621,0.03552403521308481,-0.7568169953866755,0.6526607682525928,-0.014136053958369189,-0.6533881672746981,-0.7568910587686299,,0.0,0.0,0.045,1.0,0.0,0.0,0.0,1.0,0.0,0.0,0.0,1.0,,-0.02272741252427273,-0.20692986320293497,0.201818166158785,True,,0.10304479965527416,0.5155682266517765,-0.3973580796189171,0.008244841204647024,-0.5219339706070861,-0.8529460433813102,0.7259224908362737,0.5897580316816563,-0.35386720866030963,0.6877270969589396,-0.6162551374173689,0.3837460693155427
08:40:28.067884,,-0.6508873721053902,-0.823320551721075,0.10606115151,-3.209099281513179,-0.800153859317546,0.46461842649722074,,-0.03375396318226981,0.4826125921562727,-0.34589303879723143,-0.1745266844056907,-0.30751094314549676,0.9354022964885876,-0.7216704154430479,0.68623611122983,0.09094949762598589,-0.6698748001713568,-0.6591790496442735,-0.34168806330549106,,-0.04169282028380366,0.2614397470042331,-0.14795990697124523,-0.010520396814749089,-0.9354022865970011,0.3534287231261604,0.9730836409012371,-0.09094949666422342,-0.21174606423152859,0.23021191956950976,0.34168805969224675,0.9111814971796206,,-0.09238737736575744,0.614064795812981,1.184690025145093,0.9963149889270091,0.045169590894683045,-0.072911939336304,0.08303179706206477,-0.7210212578723798,0.6879201017362229,-0.021497988650522628,-0.6914391178943653,-0.722114798857802,,0.15595545560623456,0.6474564293521036,-0.39250663083850057,0.9992688401529719,0.017661776787636512,-0.03390939014547621,0.03552403521308481,-0.7568169953866755,0.6526607682525928,-0.014136053958369189,-0.6533881672746981,-0.7568910587686299,,0.0,0.0,0.045,1.0,0.0,0.0,0.0,1.0,0.0,0.0,0.0,1.0,,-0.02272741252427273,-0.20692986320293497,0.201818166158785,True,,0.09644483735072235,0.5109527462374052,-0.39496965427678377,0.008011677492124558,-0.5127751090690204,-0.8584855855184852,0.7266420168409397,0.5927767060983347,-0.34728541010030967,0.6869695716588136,-0.6210293585865831,0.3773530752338495
08:40:28.177244,,-0.6775153550557163,-0.7960670274079367,0.11420314900000002,-3.205954133573114,-0.7686306142312721,0.44574941683738795,,-0.037438193938479816,0.4796768947630288,-0.34505523445791747,-0.1744537494727869,-0.3075542900546124,0.9354016506099877,-0.7216761464881083,0.686219273920694,0.09103102597373026,-0.6698876240720981,-0.6591763548313598,-0.34166812017845705,,-0.04169307243272265,0.2614399966597286,-0.1479597484792255,-0.010598890245326675,-0.9354016407139457,0.35342808733363446,0.9730759939828392,-0.0910310250106714,-0.21174617177389787,0.23024063998556396,0.3416681165637937,0.9111817187937172,,-0.09238737736575744,0.614064795812981,1.184690025145093,0.9963149889270091,0.045169590894683045,-0.072911939336304,0.08303179706206477,-0.7210212578723798,0.6879201017362229,-0.021497988650522628,-0.6914391178943653,-0.722114798857802,,0.15595545560623456,0.6474564293521036,-0.39250663083850057,0.9992688401529719,0.017661776787636512,-0.03390939014547621,0.03552403521308481,-0.7568169953866755,0.6526607682525928,-0.014136053958369189,-0.6533881672746981,-0.7568910587686299,,0.0,0.0,0.045,1.0,0.0,0.0,0.0,1.0,0.0,0.0,0.0,1.0,,-0.02272741252427273,-0.20692986320293497,0.201818166158785,True,,0.08907652787603838,0.5050937386893223,-0.3932911129054853,0.0035784865156412993,-0.5031096567797088,-0.8642151744150649,0.7241065803850714,0.5973421990181682,-0.34474912257347,0.6896788054430089,-0.6245502145761723,0.36644259413387187
08:40:28.286162,,-0.7014712724315607,-0.7626353167954187,0.12185385258000002,-3.2030186621623864,-0.738046359424164,0.4272185241629358,,-0.041333475854762186,0.4772080939562812,-0.34361086593075657,-0.1743818674446142,-0.3075993821905046,0.9354002268454659,-0.7216817908290785,0.6862024431014693,0.09111311578092952,-0.669900259062693,-0.6591728355731862,-0.34165013647025233,,-0.04169300611470311,0.2614402636286871,-0.1479597173937488,-0.010677444005302628,-0.935400220267916,0.3534294923300015,0.9730683124324208,-0.09111311514024006,-0.21174618184457705,0.23026948878613723,0.34165013406783595,0.9111811753773205,,-0.09238737736575744,0.614064795812981,1.184690025145093,0.9963149889270091,0.045169590894683045,-0.072911939336304,0.08303179706206477,-0.7210212578723798,0.6879201017362229,-0.021497988650522628,-0.6914391178943653,-0.722114798857802,,0.15592269906735498,0.6474493926818524,-0.3925105435438532,0.9992694777563178,0.01760572317064439,-0.03391974846980156,0.035488479758551905,-0.7568128798725264,0.6526674748012802,-0.014180219640147384,-0.6533944470001956,-0.7568848115798505,,0.0,0.0,0.045,1.0,0.0,0.0,0.0,1.0,0.0,0.0,0.0,1.0,,-0.02272741252427273,-0.20692986320293497,0.201818166158785,True,,0.08128567704195322,0.5001685940269844,-0.3903996194618684,0.003455741073354557,-0.4953766830793067,-0.8686713991579201,0.7256055335704736,0.5989840322740709,-0.33869564321467654,0.6881022216978686,-0.6291423296377692,0.3615179961667447
08:40:28.395768,,-0.7270489637109923,-0.7257901582524936,0.12884344826000002,-3.2017606029863606,-0.7071938216801512,0.4082072574758094,,-0.04545277337501542,0.47538675972459477,-0.34187331224985784,-0.17429588914839547,-0.3076381243468239,0.9354035105099501,-0.7216885368658974,0.68618378517942,0.09120015741874547,-0.669915366880273,-0.6591741783513761,-0.3416179208010869,,-0.04168679714111227,0.261442131024793,-0.14795509668861703,-0.010765370055793533,-0.935403510271479,0.3534181365882039,0.9730609998279256,-0.09120015739549497,-0.21174234672128323,0.2302963241381873,0.3416179207139951,0.911186478623123,,-0.09238737736575744,0.614064795812981,1.184690025145093,0.9963149889270091,0.045169590894683045,-0.072911939336304,0.08303179706206477,-0.7210212578723798,0.6879201017362229,-0.021497988650522628,-0.6914391178943653,-0.722114798857802,,0.15592269906735498,0.6474493926818524,-0.3925105435438532,0.9992694777563178,0.01760572317064439,-0.03391974846980156,0.035488479758551905,-0.7568128798725264,0.6526674748012802,-0.014180219640147384,-0.6533944470001956,-0.7568848115798505,,0.0,0.0,0.045,1.0,0.0,0.0,0.0,1.0,0.0,0.0,0.0,1.0,,-0.02272741252427273,-0.20692986320293497,0.201818166158785,True,,0.0730413819958509,0.4965375496213671,-0.3869241393764822,0.006188425468675596,-0.48753165611621563,-0.8730833795662352,0.7282186159693241,0.6005589308803667,-0.3301917895641152,0.6853169710038856,-0.6337522030134577,0.35874614204148364
08:40:28.418013,,-0.750054984943307,-0.6971465420219949,0.13444342106,-3.2015509264570228,-0.6803655279897055,0.3934396902846378,,-0.04904323036390938,0.4741679882510694,-0.3405704080404614,-0.1742828507061174,-0.30763352322295046,0.9354074531129114,-0.7216895593970689,0.6861819767765752,0.09120567199607861,-0.6699176574826295,-0.6591782081777479,-0.3416056528463194,,-0.04168033610920658,0.26144374881953286,-0.14795063468353936,-0.010774802803613814,-0.9354074527568597,0.3534074138868485,0.9730613411194591,-0.09120567196136226,-0.21173840242053316,0.23029444040633396,0.34160565271629123,0.9111915539495161,,-0.09238737736575744,0.614064795812981,1.184690025145093,0.9963149889270091,0.045169590894683045,-0.072911939336304,0.08303179706206477,-0.7210212578723798,0.6879201017362229,-0.021497988650522628,-0.6914391178943653,-0.722114798857802,,0.15592269906735498,0.6474493926818524,-0.3925105435438532,0.9992694777563178,0.01760572317064439,-0.03391974846980156,0.035488479758551905,-0.7568128798725264,0.6526674748012802,-0.014180219640147384,-0.6533944470001956,-0.7568848115798505,,0.0,0.0,0.045,1.0,0.0,0.0,0.0,1.0,0.0,0.0,0.0,1.0,,-0.02272741252427273,-0.20692986320293497,0.201818166158785,True,,0.06585461808961636,0.49409924363906316,-0.38432089142977793,0.007033676346697215,-0.47906798859626887,-0.877749616746926,0.7283851202799062,0.6038584613149183,-0.32374384203132944,0.685131844210935,-0.6370626507657665,0.3531933394720497
08:40:28.441206,,-0.7537541739900606,-0.6925901296262025,0.13531063907000002,-3.201970279515698,-0.6762071424676863,0.3913322205020785,,-0.04962023586060964,0.47400344246526727,-0.34035966293110187,-0.17426850638314134,-0.30762753069843873,0.9354120963721659,-0.721690684191302,0.6861800780784212,0.0912110563461597,-0.6699201773603176,-0.6591829812765748,-0.34159150042243075,,-0.04167417722608102,0.2614460210730478,-0.14794590519330136,-0.010786088195234966,-0.9354120960203939,0.3533947794861379,0.9730625972111057,-0.09121105631185877,-0.21173031044970952,0.2302886047074411,0.3415915002939715,0.911198334456715,,-0.09238737736575744,0.614064795812981,1.184690025145093,0.9963149889270091,0.045169590894683045,-0.072911939336304,0.08303179706206477,-0.7210212578723798,0.6879201017362229,-0.021497988650522628,-0.6914391178943653,-0.722114798857802,,0.15592269906735498,0.6474493926818524,-0.3925105435438532,0.9992694777563178,0.01760572317064439,-0.03391974846980156,0.035488479758551905,-0.7568128798725264,0.6526674748012802,-0.014180219640147384,-0.6533944470001956,-0.7568848115798505,,0.0,0.0,0.045,1.0,0.0,0.0,0.0,1.0,0.0,0.0,0.0,1.0,,-0.02272741252427273,-0.20692986320293497,0.201818166158785,True,,0.06469516791827472,0.49376871438820646,-0.38390193707559406,0.007508732715172384,-0.4777156518337874,-0.8784824272152701,0.7283124454550555,0.6045862962425208,-0.32254672869373263,0.6852040577290021,-0.6373877676805315,0.35246593152096256
08:40:28.551763,,-0.7591369188033951,-0.6857477882996396,0.13657452182000002,-3.2032283386917237,-0.6721828984141195,0.3892927336157308,,-0.050473705731959,0.4737839464003947,-0.34002758815519846,-0.1742554678529903,-0.307622929521267,0.9354160385390499,-0.7216917064571033,0.686178269831016,0.09121657109729375,-0.6699224677187426,-0.659187010828086,-0.34157923239149546,,-0.041667716195151194,0.2614476388572639,-0.14794144320010585,-0.010795520906129397,-0.93541603828543,0.35338405666426903,0.9730629385672391,-0.09121657107256215,-0.21172636634673714,0.23028672079169882,0.3415792322988829,0.9112034096439998,,-0.09238737736575744,0.614064795812981,1.184690025145093,0.9963149889270091,0.045169590894683045,-0.072911939336304,0.08303179706206477,-0.7210212578723798,0.6879201017362229,-0.021497988650522628,-0.6914391178943653,-0.722114798857802,,0.15592269906735498,0.6474493926818524,-0.3925105435438532,0.9992694777563178,0.01760572317064439,-0.03391974846980156,0.035488479758551905,-0.7568128798725264,0.6526674748012802,-0.014180219640147384,-0.6533944470001956,-0.7568848115798505,,0.0,0.0,0.045,1.0,0.0,0.0,0.0,1.0,0.0,0.0,0.0,1.0,,-0.02272741252427273,-0.20692986320293497,0.201818166158785,True,,0.06298237818051317,0.493328959260671,-0.38324034797218787,0.010018458800605062,-0.47518531281578347,-0.8798287043325117,0.7291501495828645,0.6055815451538662,-0.3187648844090922,0.6842804175530282,-0.6383336985098167,0.3525484356797397
08:40:28.663053,,-0.7694699353891075,-0.6687423305105972,0.14015228222,-3.20721219274914,-0.6676220884867438,0.38732572336478793,,-0.05257360215053823,0.47302808755761716,-0.33905316642204203,-0.17431359776278393,-0.307572630635283,0.9354217479399793,-0.7216871478719735,0.6861932336085383,0.0911400392049188,-0.6699122556211451,-0.6591949051941693,-0.3415840258774402,,-0.04166146853725922,0.26144948487430036,-0.14793684364978674,-0.010727802561619204,-0.9354217413420586,0.3533710032953377,0.9730716455139333,-0.09114003856206998,-0.21171927630915943,0.23025306261191994,0.34158402346810524,0.9112101118635242,,-0.09238737736575744,0.614064795812981,1.184690025145093,0.9963149889270091,0.045169590894683045,-0.072911939336304,0.08303179706206477,-0.7210212578723798,0.6879201017362229,-0.021497988650522628,-0.6914391178943653,-0.722114798857802,,0.15592269906735498,0.6474493926818524,-0.3925105435438532,0.9992694777563178,0.01760572317064439,-0.03391974846980156,0.035488479758551905,-0.7568128798725264,0.6526674748012802,-0.014180219640147384,-0.6533944470001956,-0.7568848115798505,,0.0,0.0,0.045,1.0,0.0,0.0,0.0,1.0,0.0,0.0,0.0,1.0,,-0.02272741252427273,-0.20692986320293497,0.201818166158785,True,,0.05877722264260679,0.4918035331147615,-0.38129684704651556,0.020454747402492812,-0.46927282654171265,-0.8828162988857038,0.7336767543297084,0.6068970127803219,-0.30560503273759565,0.6791907121456573,-0.6414507230862507,0.35670848936800087
08:40:28.769760,,-0.7783510781944657,-0.6623479076907393,0.14135523934000002,-3.2174863426866867,-0.6585004686319922,0.3864224952011116,,-0.05359432471995715,0.472943721560136,-0.3388909731785976,-0.17438501423452998,-0.30752657553536894,0.935423579000397,-0.7216815438184258,0.6862100771953503,0.09105756018807531,-0.6698997060174577,-0.6591988586876046,-0.3416010078771478,,-0.04166169812886156,0.26144904128074525,-0.14793684598282503,-0.01064873862774568,-0.9354235690895039,0.3533685463751983,0.9730791241053982,-0.09105755922331266,-0.21172037679069128,0.23022511028499335,0.34160100425785583,0.911210805079766,,-0.09238737736575744,0.614064795812981,1.184690025145093,0.9963149889270091,0.045169590894683045,-0.072911939336304,0.08303179706206477,-0.7210212578723798,0.6879201017362229,-0.021497988650522628,-0.6914391178943653,-0.722114798857802,,0.15592269906735498,0.6474493926818524,-0.3925105435438532,0.9992694777563178,0.01760572317064439,-0.03391974846980156,0.035488479758551905,-0.7568128798725264,0.6526674748012802,-0.014180219640147384,-0.6533944470001956,-0.7568848115798505,,0.0,0.0,0.045,1.0,0.0,0.0,0.0,1.0,0.0,0.0,0.0,1.0,,-0.02272741252427273,-0.20692986320293497,0.201818166158785,True,,0.05673629090973606,0.4916224604657434,-0.3809750904365431,0.024776971639934448,-0.4673071203983847,-0.8837477903233046,0.7282603209082958,0.6140460135957533,-0.3042768446295411,0.6848525437398183,-0.6360593906327723,0.35553543412853605
08:40:28.871104,,-0.7933331799704612,-0.6435121622105057,0.14143560932000002,-3.222937932449466,-0.6532689513623552,0.38590649321441645,,-0.055146707952945476,0.473963706822614,-0.3380117248120017,-0.17445630268320667,-0.30748069606535855,0.9354253684828459,-0.7216759459317278,0.6862268754065277,0.09097529628058278,-0.6698871752150889,-0.6592027738237731,-0.341618025673986,,-0.04166191955551562,0.261448933573134,-0.14793677821193615,-0.010570630962022598,-0.9354253585920866,0.3533661544585833,0.9730870409592198,-0.09097529531865167,-0.2117193548351923,0.23019524610905998,0.3416180220618735,0.9112119701388031,,-0.09238737736575744,0.614064795812981,1.184690025145093,0.9963149889270091,0.045169590894683045,-0.072911939336304,0.08303179706206477,-0.7210212578723798,0.6879201017362229,-0.021497988650522628,-0.6914391178943653,-0.722114798857802,,0.15592269906735498,0.6474493926818524,-0.3925105435438532,0.9992694777563178,0.01760572317064439,-0.03391974846980156,0.035488479758551905,-0.7568128798725264,0.6526674748012802,-0.014180219640147384,-0.6533944470001956,-0.7568848115798505,,0.0,0.0,0.045,1.0,0.0,0.0,0.0,1.0,0.0,0.0,0.0,1.0,,-0.02272741252427273,-0.20692986320293497,0.201818166158785,True,,0.05363202324019305,0.49364978779264945,-0.3792192992327501,0.03693302557484873,-0.4564145580452871,-0.8890003952902457,0.7322296562048835,0.6177554140374781,-0.28673677650671586,0.6800556463966503,-0.6403623971094099,0.3570158514300517
08:40:28.969102,,-0.7944375307714753,-0.6349399287201165,0.14308967536,-3.2273411395655573,-0.6497812731825973,0.38489663599746754,,-0.05597038275318887,0.4735705438705613,-0.3373506711617685,-0.17452864413562044,-0.30743656198048186,0.9354263801784741,-0.7216702613963899,0.6862436800579971,0.09089359381454631,-0.6698744555454016,-0.6592058646114117,-0.34163700307442246,,-0.041661822498387784,0.26144884318153006,-0.14793683783277964,-0.010492583558442459,-0.9354263735872388,0.35336580365850906,0.9730949231000521,-0.09089359317408857,-0.21171823554983268,0.23016551052384077,0.3416370006671674,0.9112123701135586,,-0.09238737736575744,0.614064795812981,1.184690025145093,0.9963149889270091,0.045169590894683045,-0.072911939336304,0.08303179706206477,-0.7210212578723798,0.6879201017362229,-0.021497988650522628,-0.6914391178943653,-0.722114798857802,,0.15592269906735498,0.6474493926818524,-0.3925105435438532,0.9992694777563178,0.01760572317064439,-0.03391974846980156,0.035488479758551905,-0.7568128798725264,0.6526674748012802,-0.014180219640147384,-0.6533944470001956,-0.7568848115798505,,0.0,0.0,0.045,1.0,0.0,0.0,0.0,1.0,0.0,0.0,0.0,1.0,,-0.02272741252427273,-0.20692986320293497,0.201818166158785,True,,0.051984733395400815,0.4928508883979123,-0.37790007380850776,0.04316770596405292,-0.4581282012839888,-0.8878373163762031,0.7328653953059364,0.6184899858833006,-0.283510934048668,0.6790028435322452,-0.6384267291948009,0.36244509918710965
08:40:29.061778,,-0.7990634477631358,-0.634476564747663,0.14508985083,-3.228389522212246,-0.6432083412284381,0.3818410006593005,,-0.0567930061436973,0.4728861353424611,-0.3374780591284414,-0.17460039252628515,-0.30739164109670064,0.9354277534441366,-0.7216646195210359,0.6862604526630695,0.0908117175381984,-0.669861836397048,-0.6592093522505248,-0.34165501612623533,,-0.041661880544969665,0.261448912054281,-0.147936798607797,-0.010414984087542767,-0.9354277534396735,0.3533644665097488,0.9731030382799128,-0.09081171753776512,-0.21171610434424112,0.23013475397539734,0.34165501612460525,0.911213391560965,,-0.09238737736575744,0.614064795812981,1.184690025145093,0.9963149889270091,0.045169590894683045,-0.072911939336304,0.08303179706206477,-0.7210212578723798,0.6879201017362229,-0.021497988650522628,-0.6914391178943653,-0.722114798857802,,0.15592269906735498,0.6474493926818524,-0.3925105435438532,0.9992694777563178,0.01760572317064439,-0.03391974846980156,0.035488479758551905,-0.7568128798725264,0.6526674748012802,-0.014180219640147384,-0.6533944470001956,-0.7568848115798505,,0.0,0.0,0.045,1.0,0.0,0.0,0.0,1.0,0.0,0.0,0.0,1.0,,-0.02272741252427273,-0.20692986320293497,0.201818166158785,True,,0.05033975751714352,0.49146931164612695,-0.37815768098986724,0.039656781533687596,-0.4571417476109722,-0.8885092921683916,0.7292478114599887,0.6211374851354391,-0.28702936093793496,0.6830995309317717,-0.6365607961151935,0.3580019325226962
08:40:29.169073,,-0.8031796643850975,-0.6272558095102632,0.14654947337000002,-3.2281798456829085,-0.6362329848689221,0.3776170736157956,,-0.057706315273184136,0.47263068571895084,-0.33706486222859394,-0.17453088066884917,-0.30743987888548374,0.9354248727523954,-0.721670085587735,0.6862437446269404,0.09089450218899851,-0.669874062239125,-0.6592042504651148,-0.3416408888115987,,-0.04166119376413398,0.26144854194518446,-0.14793716282276437,-0.010491747919321615,-0.9354248661186824,0.3533698188712886,0.9730944188789998,-0.09089450154440581,-0.21172016283816747,0.23016768015693156,0.34164088638879847,0.9112103651601737,,-0.09238737736575744,0.614064795812981,1.184690025145093,0.9963149889270091,0.045169590894683045,-0.072911939336304,0.08303179706206477,-0.7210212578723798,0.6879201017362229,-0.021497988650522628,-0.6914391178943653,-0.722114798857802,,0.15592269906735498,0.6474493926818524,-0.3925105435438532,0.9992694777563178,0.01760572317064439,-0.03391974846980156,0.035488479758551905,-0.7568128798725264,0.6526674748012802,-0.014180219640147384,-0.6533944470001956,-0.7568848115798505,,0.0,0.0,0.045,1.0,0.0,0.0,0.0,1.0,0.0,0.0,0.0,1.0,,-0.02272741252427273,-0.20692986320293497,0.201818166158785,True,,0.04851200597011422,0.4909716141290769,-0.37732873324143634,0.03978756658486421,-0.45667990934139124,-0.8887409127238339,0.7291031343377633,0.6214607215231789,-0.286697037136311,0.6832463457963784,-0.6365768076264077,0.35769316312737526
08:40:29.254991,,-0.8058362844938307,-0.6201508952659766,0.14809335476000002,-3.227550816094895,-0.6303307602570241,0.37345483823363196,,-0.058560409245176095,0.4722992423436194,-0.3365866607998511,-0.17448628086790507,-0.3075223814212782,0.9354060736994775,-0.7216735907534562,0.6862280077928986,0.09098543690944395,-0.6698819046652175,-0.6591821495198238,-0.3416681541445224,,-0.04165921388884,0.2614461887931719,-0.1479384879750647,-0.01054862240527965,-0.9354060585444073,0.35341788268362734,0.9730748056072296,-0.09098543543533477,-0.21177119924084392,0.23024794647208807,0.3416681486089534,0.9111798543472782,,-0.09238737736575744,0.614064795812981,1.184690025145093,0.9963149889270091,0.045169590894683045,-0.072911939336304,0.08303179706206477,-0.7210212578723798,0.6879201017362229,-0.021497988650522628,-0.6914391178943653,-0.722114798857802,,0.15592269906735498,0.6474493926818524,-0.3925105435438532,0.9992694777563178,0.01760572317064439,-0.03391974846980156,0.035488479758551905,-0.7568128798725264,0.6526674748012802,-0.014180219640147384,-0.6533944470001956,-0.7568848115798505,,0.0,0.0,0.045,1.0,0.0,0.0,0.0,1.0,0.0,0.0,0.0,1.0,,-0.02272741252427273,-0.20692986320293497,0.201818166158785,True,,0.04679892429763409,0.4903251754120958,-0.3763752313582534,0.04034715827085836,-0.45727351787853976,-0.8884103987833838,0.7296515087282712,0.6209263247963325,-0.28645972663792896,0.6826278507576613,-0.6366721519132937,0.35870292492266065
08:40:29.322691,,-0.8083538954108279,-0.6180889255885587,0.14902409098000002,-3.2258734038601933,-0.6272455064826228,0.3725111664172174,,-0.05904707047073805,0.4720589267037719,-0.33651452871465903,-0.1744410839676955,-0.30760409546717565,0.935387635515884,-0.7216771412984752,0.686212233687997,0.09107619921906268,-0.6698898506108567,-0.6591604438896123,-0.34169445014488237,,-0.041657388987815,0.26144399506369537,-0.14793971436562667,-0.010605940561623228,-0.9353876181439837,0.35346496389880416,0.9730554251151462,-0.0910761975276071,-0.21182121884775684,0.23032719451910216,0.3416944437989765,0.9111499620798558,,-0.09238737736575744,0.614064795812981,1.184690025145093,0.9963149889270091,0.045169590894683045,-0.072911939336304,0.08303179706206477,-0.7210212578723798,0.6879201017362229,-0.021497988650522628,-0.6914391178943653,-0.722114798857802,,0.15592269906735498,0.6474493926818524,-0.3925105435438532,0.9992694777563178,0.01760572317064439,-0.03391974846980156,0.035488479758551905,-0.7568128798725264,0.6526674748012802,-0.014180219640147384,-0.6533944470001956,-0.7568848115798505,,0.0,0.0,0.045,1.0,0.0,0.0,0.0,1.0,0.0,0.0,0.0,1.0,,-0.02272741252427273,-0.20692986320293497,0.201818166158785,True,,0.04582091902702819,0.48986080601986826,-0.3762338166773632,0.03862620897458108,-0.45490446855045785,-0.8897021639139009,0.7296423891730514,0.621180218149854,-0.285932020769171,0.6827371382179921,-0.6381199425438181,0.3559114201957854
08:40:29.381321,,-0.8094505234789677,-0.6163204197603612,0.14967742114000002,-3.225244374272181,-0.6253675259242916,0.3733503286155608,,-0.059361485405508146,0.4718767851547674,-0.3364064904498404,-0.17439587994452665,-0.30768580558616615,0.9353691902661568,-0.7216806908447981,0.6861964481295292,0.0911669624161801,-0.6698977963242968,-0.6591387407937803,-0.3417207381249206,,-0.04165556393862761,0.2614418014755543,-0.14794094075931294,-0.010663254623968388,-0.9353691764820931,0.3535120496037505,0.973036040373791,-0.09116696107269856,-0.211871234171778,0.23040644448783923,0.3417207330891545,0.9111200697177579,,-0.09238737736575744,0.614064795812981,1.184690025145093,0.9963149889270091,0.045169590894683045,-0.072911939336304,0.08303179706206477,-0.7210212578723798,0.6879201017362229,-0.021497988650522628,-0.6914391178943653,-0.722114798857802,,0.15600130552468247,0.647466692407958,-0.3925314810588998,0.9992671327723864,0.017696061408196774,-0.03394181449910391,0.035571849437037555,-0.7567847878260171,0.6526955097461289,-0.01413650906281259,-0.6534245437124073,-0.7568596466887038,,0.0,0.0,0.045,1.0,0.0,0.0,0.0,1.0,0.0,0.0,0.0,1.0,,-0.02272741252427273,-0.20692986320293497,0.201818166158785,True,,0.045187405094592875,0.48951278480555344,-0.37602058839094554,0.03818995550814819,-0.4527603576505204,-0.8908140018199414,0.7297453570229324,0.6216402237401473,-0.2846667281783608,0.6826516250634423,-0.6391959721153385,0.35414018132622105
08:40:29.469607,,-0.8106243788758499,-0.6137641951789929,0.15047982465,-3.226292756918869,-0.624428535645126,0.3730810932742304,,-0.05981561421965778,0.4716649444883644,-0.3362080458616009,-0.17435719808274597,-0.30776858716547867,0.9353491670124581,-0.7216837270154679,0.6861816770828798,0.09125406400150182,-0.6699045944295334,-0.6591154699973988,-0.341752295635758,,-0.04165529594289058,0.2614410352453225,-0.14794145538456818,-0.01071427441981787,-0.9353491623429164,0.3535634862983812,0.9730159859520677,-0.09125406354593435,-0.21192587615363123,0.2304887967359509,0.3417522939296287,0.911087413033708,,-0.09238737736575744,0.614064795812981,1.184690025145093,0.9963149889270091,0.045169590894683045,-0.072911939336304,0.08303179706206477,-0.7210212578723798,0.6879201017362229,-0.021497988650522628,-0.6914391178943653,-0.722114798857802,,0.15600130552468247,0.647466692407958,-0.3925314810588998,0.9992671327723864,0.017696061408196774,-0.03394181449910391,0.035571849437037555,-0.7567847878260171,0.6526955097461289,-0.01413650906281259,-0.6534245437124073,-0.7568596466887038,,0.0,0.0,0.045,1.0,0.0,0.0,0.0,1.0,0.0,0.0,0.0,1.0,,-0.02272741252427273,-0.20692986320293497,0.201818166158785,True,,0.04427577586623327,0.48910337044870417,-0.37562807600339115,0.0400562147743424,-0.4523079028331606,-0.8909618738715033,0.7300531507764599,0.6220529395094383,-0.28297091279675857,0.682215432762493,-0.639114779583711,0.35512589573044273
08:40:29.534180,,-0.8130415942654822,-0.6096479785570312,0.15169315209,-3.2302766109762846,-0.6233554038975081,0.3721928218842865,,-0.06044888673443946,0.47139283446824354,-0.33593623169442466,-0.17438850703262504,-0.3078041051483335,0.9353316425037516,-0.7216812696386468,0.6861836349775114,0.09125877569746425,-0.669899092153201,-0.6590968456478025,-0.34179899705738476,,-0.041655551878688975,0.2614408155824088,-0.1479416349871997,-0.010689039552249813,-0.9353316424125986,0.3536106092021146,0.9730047712938812,-0.0912587756885706,-0.21197535400195583,0.23053732729838303,0.3417989970240746,0.9110576195612132,,-0.09238737736575744,0.614064795812981,1.184690025145093,0.9963149889270091,0.045169590894683045,-0.072911939336304,0.08303179706206477,-0.7210212578723798,0.6879201017362229,-0.021497988650522628,-0.6914391178943653,-0.722114798857802,,0.15600130552468247,0.647466692407958,-0.3925314810588998,0.9992671327723864,0.017696061408196774,-0.03394181449910391,0.035571849437037555,-0.7567847878260171,0.6526955097461289,-0.01413650906281259,-0.6534245437124073,-0.7568596466887038,,0.0,0.0,0.045,1.0,0.0,0.0,0.0,1.0,0.0,0.0,0.0,1.0,,-0.02272741252427273,-0.20692986320293497,0.201818166158785,True,,0.04300677047361878,0.4885601003842503,-0.3750915067867592,0.04454055189601491,-0.45267439795799125,-0.8905627595347613,0.7297949098303778,0.6235054540731853,-0.28042884717279437,0.6822136973283882,-0.6374377131723239,0.3581307484748677
08:40:29.632890,,-0.814478022580088,-0.6076014543453617,0.15220129777000002,-3.231954023210986,-0.6230871209606037,0.3708169864989594,,-0.060753330549306414,0.4713099403615539,-0.3358139978823318,-0.1743964325818514,-0.307808067847575,0.9353288607065787,-0.721680647459579,0.6861846212971473,0.09125627966125592,-0.669897699193725,-0.6590939681587394,-0.3418072757442711,,-0.041656619231393466,0.26144277266297056,-0.14794100949411462,-0.0106842732592895,-0.9353288605716165,0.3536181112416822,0.9730047223110604,-0.09125627964808819,-0.2119766531875108,0.23053775477502403,0.3418072756949504,0.9110544054098522,,-0.09238737736575744,0.614064795812981,1.184690025145093,0.9963149889270091,0.045169590894683045,-0.072911939336304,0.08303179706206477,-0.7210212578723798,0.6879201017362229,-0.021497988650522628,-0.6914391178943653,-0.722114798857802,,0.15600130552468247,0.647466692407958,-0.3925314810588998,0.9992671327723864,0.017696061408196774,-0.03394181449910391,0.035571849437037555,-0.7567847878260171,0.6526955097461289,-0.01413650906281259,-0.6534245437124073,-0.7568596466887038,,0.0,0.0,0.045,1.0,0.0,0.0,0.0,1.0,0.0,0.0,0.0,1.0,,-0.02272741252427273,-0.20692986320293497,0.201818166158785,True,,0.04239851901802759,0.4883919682046969,-0.37484894785212597,0.046756144362195606,-0.4533277272262921,-0.8901167534049822,0.7298928909300577,0.6238590826910564,-0.2793854196511273,0.6819605785777828,-0.636626905394139,0.3600499306959209
