System Time,q_des,q0,q1,q2,q3,q4,q5,T_des,Tx,Ty,Tz,R00,R01,R02,R10,R11,R12,R20,R21,R22,T_target,Tx,Ty,Tz,R00,R01,R02,R10,R11,R12,R20,R21,R22,worldFrame,Tx,Ty,Tz,R00,R01,R02,R10,R11,R12,R20,R21,R22,ECM_T_PSM_RCM,Tx,Ty,Tz,R00,R01,R02,R10,R11,R12,R20,R21,R22,psm3_T_cam,Tx,Ty,Tz,R00,R01,R02,R10,R11,R12,R20,R21,R22,offset,x,y,z,IK Trigered,ECM_T_PSM3,Tx,Ty,Tz,R00,R01,R02,R10,R11,R12,R20,R21,R22
10:36:05.975614,,-0.2195881865456997,-0.42116696002870785,0.09282343803000001,0.6107877299606593,-0.021999200826165556,0.0118380114192029,,0.013535069541075785,0.5462359775373742,-0.3135261200333411,-0.6909208887565774,-0.14288381583527235,-0.7086695567414852,0.4897518775403262,0.6285440852696651,-0.604214722857897,0.5317625634863237,-0.7645368192866004,-0.36429662094175613,,-0.013423341229040596,0.28962334053712796,-0.07998938352536528,0.7633062482023859,-0.5040262039152812,0.4041301241208685,0.47767886066659604,0.8614895457783426,0.17221692305603178,-0.4349557190421341,0.061590163836247935,0.8983430158860054,,0.04269594805284387,0.7203709254330657,1.1770666115938742,0.9911959966889486,-0.041371972668245695,-0.12577303377648108,0.04967711890861507,-0.7643247600307831,0.642915114973062,-0.12273011042422001,-0.6435029301265257,-0.755540401907029,,0.0,0.0,0.0,1.0,0.0,0.0,0.0,1.0,0.0,0.0,0.0,1.0,,0.0,0.0,0.045,1.0,0.0,0.0,0.0,1.0,0.0,0.0,0.0,1.0,,0.019037333378670685,-0.19337877532911046,0.2249495411038443,True,,0.013535069541075785,0.5462359775373742,-0.3135261200333411,0.3211372118647484,0.9053274764393426,-0.2779443317639485,-0.6371060226377039,-0.010619454300013265,-0.7707030187492041,-0.700690236177515,0.42458142634168783,0.5733792857534676
10:36:08.009554,,-0.22951962102195242,-0.41877291283769824,0.09286103044,-2.116474887134533,0.14084854187484044,1.0753595691258866,,0.013401118818354332,0.5461752674492734,-0.3137702602057032,-0.5071414830900453,-0.8058698606538114,-0.3055835136571275,0.6128882005530125,-0.08792712411485629,-0.7852622966039952,0.6059501380081694,-0.5855276155184289,0.5384996209034721,,-0.013463057364343299,0.2896060655312605,-0.0799992439830982,0.7633224942007858,-0.5040299813301,0.40409472133803753,0.4776453413900037,0.8614936562442898,0.17228930362929748,-0.43496401430614234,0.06150166027856855,0.8983450607018783,,0.04269594805284387,0.7203709254330657,1.1770666115938742,0.9911959966889486,-0.041371972668245695,-0.12577303377648108,0.04967711890861507,-0.7643247600307831,0.642915114973062,-0.12273011042422001,-0.6435029301265257,-0.755540401907029,,0.05445249202358471,0.6513013065352852,-0.3943137505230152,0.9329542068080608,-0.3577135886791546,-0.04046525019597212,-0.2781980994560074,-0.7877421750606662,0.5496072080038216,-0.22847815094272672,-0.501501001100667,-0.8344426166231093,,0.0,0.0,0.045,1.0,0.0,0.0,0.0,1.0,0.0,0.0,0.0,1.0,,0.019037333378670685,-0.19337877532911046,0.2249495411038443,False,,0.013401118818354332,0.5461752674492734,-0.3137702602057032,-0.6874483774119676,-0.14685371430951888,-0.7112304232716365,0.5007867378429758,0.613402904653302,-0.6106959306917665,0.5259537732484137,-0.775996690171028,-0.34814043897451197
10:36:08.022425,,-0.22951962102195242,-0.41877291283769824,0.09286103044,-2.116474887134533,0.14084854187484044,1.0753595691258866,,0.013401118818354332,0.5461752674492734,-0.3137702602057032,-0.5070725861500613,-0.8058149011086433,-0.30584266792969883,0.6129253175237916,-0.08765080209038137,-0.7852642179746075,0.6059702529938643,-0.585644672172624,0.5383496730215148,,-0.013477040308573725,0.2896003343588787,-0.08000219353901317,0.763329582176753,-0.5040312942329329,0.40407969482946976,0.47763392263602816,0.8614951379678315,0.17231355016610508,-0.4349641149415932,0.06147013955898215,0.8983471695404928,,0.04269594805284387,0.7203709254330657,1.1770666115938742,0.9911959966889486,-0.041371972668245695,-0.12577303377648108,0.04967711890861507,-0.7643247600307831,0.642915114973062,-0.12273011042422001,-0.6435029301265257,-0.755540401907029,,0.05445249202358471,0.6513013065352852,-0.3943137505230152,0.9329542068080608,-0.3577135886791546,-0.04046525019597212,-0.2781980994560074,-0.7877421750606662,0.5496072080038216,-0.22847815094272672,-0.501501001100667,-0.8344426166231093,,0.0,0.0,0.045,1.0,0.0,0.0,0.0,1.0,0.0,0.0,0.0,1.0,,0.019037333378670685,-0.19337877532911046,0.2249495411038443,False,,0.013401118818354332,0.5461752674492734,-0.3137702602057032,-0.6874483774119676,-0.14685371430951888,-0.7112304232716365,0.5007867378429758,0.613402904653302,-0.6106959306917665,0.5259537732484137,-0.775996690171028,-0.34814043897451197
10:36:08.034589,,-0.22951962102195242,-0.41877291283769824,0.09286103044,-2.116265210605196,0.14084854187484044,1.0753595691258866,,0.01340133785169928,0.5461753448337576,-0.31377004753742055,-0.5067511058691215,-0.8059204840257213,-0.30609719065710045,0.6130984327059202,-0.08729182005787445,-0.7851690582062743,0.6060640465445599,-0.5855529963877997,0.5383438119894227,,-0.013483473596659211,0.2895974484062151,-0.08000392128956554,0.7633318723928874,-0.5040319100368688,0.4040746010543156,0.47762839778383503,0.8614957943862985,0.17232558384818175,-0.43496616326223025,0.06145589379999196,0.8983471527742649,,0.04269594805284387,0.7203709254330657,1.1770666115938742,0.9911959966889486,-0.041371972668245695,-0.12577303377648108,0.04967711890861507,-0.7643247600307831,0.642915114973062,-0.12273011042422001,-0.6435029301265257,-0.755540401907029,,0.05445249202358471,0.6513013065352852,-0.3943137505230152,0.9329542068080608,-0.3577135886791546,-0.04046525019597212,-0.2781980994560074,-0.7877421750606662,0.5496072080038216,-0.22847815094272672,-0.501501001100667,-0.8344426166231093,,0.0,0.0,0.045,1.0,0.0,0.0,0.0,1.0,0.0,0.0,0.0,1.0,,0.019037333378670685,-0.19337877532911046,0.2249495411038443,False,,0.01340133785169928,0.5461753448337576,-0.31377004753742055,-0.6875927551793211,-0.14680679066689906,-0.7111005338480598,0.500735729175469,0.6133355039179115,-0.6108054429692593,0.525813591068186,-0.7760588417432321,-0.34821364361571383
10:36:08.047084,,-0.22951962102195242,-0.41877291283769824,0.09286103044,-2.116684563663871,0.14084854187484044,1.0754284507699365,,0.013400899741998762,0.5461751901052263,-0.31377047284439175,-0.5073455083498802,-0.8056317699868081,-0.30587250014527984,0.6127782517235343,-0.08771585721170308,-0.7853717225672598,0.60589054240172,-0.5858868317188386,0.5381758737128698,,-0.013487530011464124,0.28959548425680465,-0.08000482004044196,0.7633340882194563,-0.5040316935816973,0.40407068571526894,0.47762483950115897,0.8614965231753445,0.1723318040158444,-0.43496618245644547,0.06144745600127995,0.8983477209284315,,0.04269594805284387,0.7203709254330657,1.1770666115938742,0.9911959966889486,-0.041371972668245695,-0.12577303377648108,0.04967711890861507,-0.7643247600307831,0.642915114973062,-0.12273011042422001,-0.6435029301265257,-0.755540401907029,,0.05445249202358471,0.6513013065352852,-0.3943137505230152,0.9329542068080608,-0.3577135886791546,-0.04046525019597212,-0.2781980994560074,-0.7877421750606662,0.5496072080038216,-0.22847815094272672,-0.501501001100667,-0.8344426166231093,,0.0,0.0,0.045,1.0,0.0,0.0,0.0,1.0,0.0,0.0,0.0,1.0,,0.019037333378670685,-0.19337877532911046,0.2249495411038443,False,,0.013400899741998762,0.5461751901052263,-0.31377047284439175,-0.6873039712937775,-0.14685161986363893,-0.7113704047732291,0.5008377198559669,0.6135123639383648,-0.6105441488248297,0.526093935921408,-0.7759105496371247,-0.34812065372301126
10:36:08.060231,,-0.22951962102195242,-0.41877291283769824,0.09286103044,-2.1231845360733392,0.14098268334329267,1.0743961248570222,,0.01339780940260802,0.5461748005663857,-0.31377255720073505,-0.5103453446653438,-0.8041298071619974,-0.3048325481506533,0.6111557741429025,-0.08976023200482938,-0.7864042983619997,0.6050092965485746,-0.5876379446428287,0.5372572913472192,,-0.013504059430289142,0.28958835798746335,-0.08000842401389843,0.7633424331453016,-0.5040326501647322,0.40405373071396306,0.4776110416109463,0.8614985678845029,0.1723598283835352,-0.4349666914457497,0.06141095241902285,0.8983499720219681,,0.04269594805284387,0.7203709254330657,1.1770666115938742,0.9911959966889486,-0.041371972668245695,-0.12577303377648108,0.04967711890861507,-0.7643247600307831,0.642915114973062,-0.12273011042422001,-0.6435029301265257,-0.755540401907029,,0.05445249202358471,0.6513013065352852,-0.3943137505230152,0.9329542068080608,-0.3577135886791546,-0.04046525019597212,-0.2781980994560074,-0.7877421750606662,0.5496072080038216,-0.22847815094272672,-0.501501001100667,-0.8344426166231093,,0.0,0.0,0.045,1.0,0.0,0.0,0.0,1.0,0.0,0.0,0.0,1.0,,0.019037333378670685,-0.19337877532911046,0.2249495411038443,False,,0.01339780940260802,0.5461748005663857,-0.31377255720073505,-0.6858596194769812,-0.14736158578446135,-0.7126578038624006,0.501350186987009,0.614142860580485,-0.609488750352384,0.5274889310487777,-0.7753148456163523,-0.3473360300744942
10:36:08.072187,,-0.2295118982890782,-0.41877291283769824,0.09286103044,-2.127168390130755,0.1411168248117449,1.0726749825036053,,0.013395067165875546,0.5461720914863202,-0.31377781129622284,-0.5165732773348405,-0.8010385454542632,-0.30247197860307706,0.6077520202400771,-0.09418092250219848,-0.7885223114983747,0.6031496754849884,-0.5911575107643928,0.5354841420893807,,-0.013504255872773178,0.28958812540988743,-0.08000828611270969,0.7633432747796431,-0.5040320642201805,0.4040528716239357,0.4776107982426291,0.8614989028855893,0.17235882834911395,-0.43496548165531884,0.06141106207992544,0.8983505502884088,,0.04269594805284387,0.7203709254330657,1.1770666115938742,0.9911959966889486,-0.041371972668245695,-0.12577303377648108,0.04967711890861507,-0.7643247600307831,0.642915114973062,-0.12273011042422001,-0.6435029301265257,-0.755540401907029,,0.05445249202358471,0.6513013065352852,-0.3943137505230152,0.9329542068080608,-0.3577135886791546,-0.04046525019597212,-0.2781980994560074,-0.7877421750606662,0.5496072080038216,-0.22847815094272672,-0.501501001100667,-0.8344426166231093,,0.0,0.0,0.045,1.0,0.0,0.0,0.0,1.0,0.0,0.0,0.0,1.0,,0.019037333378670685,-0.19337877532911046,0.2249495411038443,False,,0.013395067165875546,0.5461720914863202,-0.31377781129622284,-0.6828414633827945,-0.14911541031103667,-0.7151867800043669,0.5022935589326512,0.6150346448070212,-0.6078104690953192,0.5304985547011553,-0.7742719032064072,-0.34507144675431056
10:36:08.085117,,-0.22949645282332976,-0.4187806355705725,0.09286103044,-2.13031353807082,0.14165339068555383,1.0699233117329507,,0.013394825006681273,0.5461642059003325,-0.31378983285433454,-0.5260952981232789,-0.7957268947117933,-0.3000707355356484,0.6024544683280705,-0.09968406788184733,-0.7919038453007216,0.60022691616098,-0.5973958450163961,0.5318325426983816,,-0.013504255872773175,0.2895881254098875,-0.08000828611270966,0.7633432747796434,-0.5040320642201807,0.4040528716239358,0.47761079824262914,0.8614989028855895,0.17235882834911398,-0.43496548165531895,0.06141106207992547,0.898350550288409,,0.04269594805284387,0.7203709254330657,1.1770666115938742,0.9911959966889486,-0.041371972668245695,-0.12577303377648108,0.04967711890861507,-0.7643247600307831,0.642915114973062,-0.12273011042422001,-0.6435029301265257,-0.755540401907029,,0.05445249202358471,0.6513013065352852,-0.3943137505230152,0.9329542068080608,-0.3577135886791546,-0.04046525019597212,-0.2781980994560074,-0.7877421750606662,0.5496072080038216,-0.22847815094272672,-0.501501001100667,-0.8344426166231093,,0.0,0.0,0.045,1.0,0.0,0.0,0.0,1.0,0.0,0.0,0.0,1.0,,0.019037333378670685,-0.19337877532911046,0.2249495411038443,False,,0.013394825006681273,0.5461642059003325,-0.31378983285433454,-0.6780236887138548,-0.15431846827304785,-0.718658255287392,0.5034097769942558,0.6149314063262953,-0.6069909076256073,0.5355954387123284,-0.7733338062333919,-0.33925263472392275
10:36:08.097395,,-0.2294732846247071,-0.41878835830344674,0.09286103044,-2.1332490094815473,0.14218995655936273,1.0668961143860958,,0.013397996833097718,0.5461585602141703,-0.3137968750496936,-0.5296256677728052,-0.7935072532111673,-0.29973803752189776,0.6004612270666032,-0.10114337621534464,-0.7932315754163033,0.5991184914738313,-0.6000968726372682,0.5300384671182754,,-0.013504702418436817,0.28958814170522373,-0.080008083739921,0.7633442779141305,-0.504032096607261,0.40405093608790904,0.4776106507367525,0.8614989703144574,0.17235890008356822,-0.43496388317496265,0.06140985038974131,0.8983514070766178,,0.04269594805284387,0.7203709254330657,1.1770666115938742,0.9911959966889486,-0.041371972668245695,-0.12577303377648108,0.04967711890861507,-0.7643247600307831,0.642915114973062,-0.12273011042422001,-0.6435029301265257,-0.755540401907029,,0.05445249202358471,0.6513013065352852,-0.3943137505230152,0.9329542068080608,-0.3577135886791546,-0.04046525019597212,-0.2781980994560074,-0.7877421750606662,0.5496072080038216,-0.22847815094272672,-0.501501001100667,-0.8344426166231093,,0.0,0.0,0.045,1.0,0.0,0.0,0.0,1.0,0.0,0.0,0.0,1.0,,0.019037333378670685,-0.19337877532911046,0.2249495411038443,False,,0.013397996833097718,0.5461585602141703,-0.3137968750496936,-0.6760838276504606,-0.15748161331630606,-0.7197987214887199,0.5036344086379474,0.6142968271758193,-0.6074469446442435,0.5378317956623683,-0.7732004588649796,-0.3360029910366538
10:36:08.109505,,-0.22941922549458751,-0.4188115265020694,0.09286103044,-2.1399586584203534,0.14353137124388501,1.058088251426054,,0.013400911242820154,0.5461528430395177,-0.31380414789617433,-0.5334570288351934,-0.7909589677928184,-0.2996790110342182,0.5982799912219033,-0.10240322896899673,-0.7947166984531296,0.5979002011120643,-0.6032391648134616,0.527842646576904,,-0.013504952521602918,0.2895883905781145,-0.08000801926833456,0.763344439415314,-0.5040327149374338,0.40404985964231876,0.4776107466012206,0.8614987027411761,0.1723599718518002,-0.4349634944856896,0.06140852903732752,0.8983516855979773,,0.04269594805284387,0.7203709254330657,1.1770666115938742,0.9911959966889486,-0.041371972668245695,-0.12577303377648108,0.04967711890861507,-0.7643247600307831,0.642915114973062,-0.12273011042422001,-0.6435029301265257,-0.755540401907029,,0.05445249202358471,0.6513013065352852,-0.3943137505230152,0.9329542068080608,-0.3577135886791546,-0.04046525019597212,-0.2781980994560074,-0.7877421750606662,0.5496072080038216,-0.22847815094272672,-0.501501001100667,-0.8344426166231093,,0.0,0.0,0.045,1.0,0.0,0.0,0.0,1.0,0.0,0.0,0.0,1.0,,0.019037333378670685,-0.19337877532911046,0.2249495411038443,False,,0.013400911242820154,0.5461528430395177,-0.31380414789617433,-0.673991561534018,-0.16138923175914702,-0.7208945074372041,0.5039019608737756,0.6131483062335713,-0.6083847207076023,0.5402019888972093,-0.7733063238038957,-0.33193243402295647
10:36:08.121703,,-0.2293883345630906,-0.4188192492349436,0.09286232673000001,-2.1437328359484313,0.1443362200545984,1.0508610712878128,,0.013405888424433882,0.5461445923961181,-0.31381433493304667,-0.5375031954337143,-0.7881506242817788,-0.29984814213663,0.5959558835033514,-0.10347297978263381,-0.7963227532681975,0.5965960943689509,-0.6067222889421031,0.5253200589017792,,-0.013504756078160398,0.28958862315486017,-0.0800081571672302,0.7633435977856591,-0.5040333008894079,0.4040507187339269,0.4776109899773191,0.861498367740229,0.17236097188469104,-0.4349647042781292,0.06140841937941172,0.8983511073387682,,0.04269594805284387,0.7203709254330657,1.1770666115938742,0.9911959966889486,-0.041371972668245695,-0.12577303377648108,0.04967711890861507,-0.7643247600307831,0.642915114973062,-0.12273011042422001,-0.6435029301265257,-0.755540401907029,,0.05445249202358471,0.6513013065352852,-0.3943137505230152,0.9329542068080608,-0.3577135886791546,-0.04046525019597212,-0.2781980994560074,-0.7877421750606662,0.5496072080038216,-0.22847815094272672,-0.501501001100667,-0.8344426166231093,,0.0,0.0,0.045,1.0,0.0,0.0,0.0,1.0,0.0,0.0,0.0,1.0,,0.019037333378670685,-0.19337877532911046,0.2249495411038443,False,,0.013405888424433882,0.5461445923961181,-0.31381433493304667,-0.6716546059910751,-0.16615238358059936,-0.7219927116539748,0.5040281811100873,0.6117641266130034,-0.609672244764584,0.542987737336518,-0.7733938445707434,-0.32714870973649574
10:36:08.135024,,-0.2293497208987195,-0.41883469470069207,0.09286232673000001,-2.147297336947172,0.14487278592840733,1.0397058399430317,,0.013414310418637936,0.5461286831630178,-0.31383186495200266,-0.5461610596596457,-0.7806233022661437,-0.3038673343262709,0.5909108966360201,-0.10191274654063312,-0.8002737683626518,0.5937443971510532,-0.6166368883318978,0.5169395891205151,,-0.013505202624785672,0.28958863945099766,-0.08000795479678299,0.7633446009169284,-0.5040333332666156,0.40404878319622384,0.4776108424667136,0.8614984351673302,0.17236104361979962,-0.4349631057968484,0.06140720768456425,0.898351964118281,,0.04269594805284387,0.7203709254330657,1.1770666115938742,0.9911959966889486,-0.041371972668245695,-0.12577303377648108,0.04967711890861507,-0.7643247600307831,0.642915114973062,-0.12273011042422001,-0.6435029301265257,-0.755540401907029,,0.05445249202358471,0.6513013065352852,-0.3943137505230152,0.9329542068080608,-0.3577135886791546,-0.04046525019597212,-0.2781980994560074,-0.7877421750606662,0.5496072080038216,-0.22847815094272672,-0.501501001100667,-0.8344426166231093,,0.0,0.0,0.045,1.0,0.0,0.0,0.0,1.0,0.0,0.0,0.0,1.0,,0.019037333378670685,-0.19337877532911046,0.2249495411038443,False,,0.013414310418637936,0.5461286831630178,-0.31383186495200266,-0.6667495139958013,-0.1819269647351831,-0.7227362347970431,0.5045257323429574,0.6035748985570827,-0.6173743817454774,0.5485424969773679,-0.7762730971340249,-0.31064643515705026
10:36:08.147918,,-0.22930338450147414,-0.4188501401664405,0.09285973415000001,-2.1506521614165752,0.14500692739685955,1.024277250423621,,0.013417174391451195,0.5461253286348423,-0.3138395812857153,-0.5506196902593116,-0.7755278479291356,-0.30882764414013075,0.5882740621860042,-0.09802324844540092,-0.8026986174918881,0.5922428424708206,-0.6236569568686094,0.5101964481368605,,-0.01350495252160292,0.2895883905781145,-0.08000801926833458,0.7633444394153138,-0.5040327149374337,0.4040498596423187,0.47761074660122055,0.8614987027411759,0.17235997185180016,-0.43496349448568955,0.06140852903732751,0.8983516855979771,,0.04269594805284387,0.7203709254330657,1.1770666115938742,0.9911959966889486,-0.041371972668245695,-0.12577303377648108,0.04967711890861507,-0.7643247600307831,0.642915114973062,-0.12273011042422001,-0.6435029301265257,-0.755540401907029,,0.05445249202358471,0.6513013065352852,-0.3943137505230152,0.9329542068080608,-0.3577135886791546,-0.04046525019597212,-0.2781980994560074,-0.7877421750606662,0.5496072080038216,-0.22847815094272672,-0.501501001100667,-0.8344426166231093,,0.0,0.0,0.045,1.0,0.0,0.0,0.0,1.0,0.0,0.0,0.0,1.0,,0.019037333378670685,-0.19337877532911046,0.2249495411038443,False,,0.013417174391451195,0.5461253286348423,-0.3138395812857153,-0.6643942111635022,-0.19396822293986987,-0.7217732751092805,0.5051308264153938,0.5952298597234601,-0.6249354065009375,0.5508386155466312,-0.779793397370829,-0.2974879443599884
10:36:08.159752,,-0.22921071170698346,-0.4188810310979374,0.09286103044,-2.1569424572967053,0.14406793711769394,0.999611330618772,,0.01341550587025478,0.5461221091899151,-0.31384141753388545,-0.5551026482093184,-0.7707579098396149,-0.3127191941193724,0.5855958938099186,-0.0951356548051856,-0.8050010287805545,0.5907101650589435,-0.6299852788791629,0.5041627210450801,,-0.013504702418436819,0.2895881417052237,-0.080008083739921,0.7633442779141305,-0.5040320966072609,0.404050936087909,0.4776106507367525,0.8614989703144574,0.1723589000835682,-0.4349638831749626,0.0614098503897413,0.8983514070766178,,0.04269594805284387,0.7203709254330657,1.1770666115938742,0.9911959966889486,-0.041371972668245695,-0.12577303377648108,0.04967711890861507,-0.7643247600307831,0.642915114973062,-0.12273011042422001,-0.6435029301265257,-0.755540401907029,,0.05445249202358471,0.6513013065352852,-0.3943137505230152,0.9329542068080608,-0.3577135886791546,-0.04046525019597212,-0.2781980994560074,-0.7877421750606662,0.5496072080038216,-0.22847815094272672,-0.501501001100667,-0.8344426166231093,,0.0,0.0,0.045,1.0,0.0,0.0,0.0,1.0,0.0,0.0,0.0,1.0,,0.019037333378670685,-0.19337877532911046,0.2249495411038443,False,,0.01341550587025478,0.5461221091899151,-0.31384141753388545,-0.6622178652735431,-0.20358056185631435,-0.7211258237969427,0.5060837324800131,0.5881971056985954,-0.6307958628327348,0.5525818985740036,-0.7826743382033572,-0.2864858210911786
10:36:08.172158,,-0.22914892984398966,-0.4189119220294343,0.09285843786,-2.1607166348247833,0.14406793711769394,0.9847328955039246,,0.013412828359944777,0.546120464836138,-0.31384361847432424,-0.5602788434696485,-0.7655861443838419,-0.31617316946223695,0.5824695780438962,-0.09276872362406294,-0.8075414259160503,0.5889115453221125,-0.6366096287715459,0.49790699165775526,,-0.013504452315287371,0.28958789283232517,-0.08000814821154224,0.7633441164133783,-0.5040314782760971,0.4040520125329946,0.47761055487330933,0.8614992378871749,0.1723578283151037,-0.4349642718646676,0.06141117174180554,0.898351128554203,,0.04269594805284387,0.7203709254330657,1.1770666115938742,0.9911959966889486,-0.041371972668245695,-0.12577303377648108,0.04967711890861507,-0.7643247600307831,0.642915114973062,-0.12273011042422001,-0.6435029301265257,-0.755540401907029,,0.05445249202358471,0.6513013065352852,-0.3943137505230152,0.9329542068080608,-0.3577135886791546,-0.04046525019597212,-0.2781980994560074,-0.7877421750606662,0.5496072080038216,-0.22847815094272672,-0.501501001100667,-0.8344426166231093,,0.0,0.0,0.045,1.0,0.0,0.0,0.0,1.0,0.0,0.0,0.0,1.0,,0.019037333378670685,-0.19337877532911046,0.2249495411038443,False,,0.013412828359944777,0.546120464836138,-0.31384361847432424,-0.659708200067648,-0.2128386023086432,-0.7207529536053306,0.5072347069356089,0.5815558163899757,-0.6360076921727725,0.554525060609033,-0.7851704030274528,-0.27569801480289313
10:36:08.185491,,-0.22907942524812164,-0.41893509022805697,0.09285973415000001,-2.163652106235511,0.14406793711769394,0.9683390642199724,,0.013419103208732658,0.5461087831156639,-0.31385791515924105,-0.568816200699826,-0.754243123915233,-0.3279717058650118,0.5772323586830134,-0.08204132564508992,-0.812448167562486,0.5858762103982889,-0.651449561296181,0.48203997259185166,,-0.013504255873318695,0.2895881254092349,-0.08000828611232352,0.7633432747776703,-0.5040320642241446,0.4040528716227186,0.4776107982477707,0.8614989028830538,0.17235882834754074,-0.43496548165313603,0.061411062082962556,0.8983505502892581,,0.04269594805284387,0.7203709254330657,1.1770666115938742,0.9911959966889486,-0.041371972668245695,-0.12577303377648108,0.04967711890861507,-0.7643247600307831,0.642915114973062,-0.12273011042422001,-0.6435029301265257,-0.755540401907029,,0.05445249202358471,0.6513013065352852,-0.3943137505230152,0.9329542068080608,-0.3577135886791546,-0.04046525019597212,-0.2781980994560074,-0.7877421750606662,0.5496072080038216,-0.22847815094272672,-0.501501001100667,-0.8344426166231093,,0.0,0.0,0.045,1.0,0.0,0.0,0.0,1.0,0.0,0.0,0.0,1.0,,0.019037333378670685,-0.19337877532911046,0.2249495411038443,False,,0.013419103208732658,0.5461087831156639,-0.31385791515924105,-0.6548908562755277,-0.2371553822190855,-0.7175481106178356,0.5085899946126681,0.5639861394682218,-0.6505811647040036,0.5589760135699855,-0.7909974457431901,-0.24873451123870305
10:36:08.197994,,-0.22901764338512784,-0.4189737038924281,0.09285973415000001,-2.166587577646238,0.14393379564924172,0.9467782108844149,,0.013420701876642432,0.546102691917871,-0.3138647332262258,-0.572585550184441,-0.7470512784968486,-0.33772796007468053,0.574887556644315,-0.07216255814073308,-0.8150440861806894,0.5845084130579392,-0.6608380682881468,0.4707897222387934,,-0.013503612884276317,0.2895883416907247,-0.08000862638413787,0.763341430008387,-0.50403261778715,0.4040556662484209,0.477611189130791,0.8614985004590798,0.1723597566484129,-0.43496828992225894,0.061412164116411504,0.8983491152378991,,0.04269594805284387,0.7203709254330657,1.1770666115938742,0.9911959966889486,-0.041371972668245695,-0.12577303377648108,0.04967711890861507,-0.7643247600307831,0.642915114973062,-0.12273011042422001,-0.6435029301265257,-0.755540401907029,,0.05445249202358471,0.6513013065352852,-0.3943137505230152,0.9329542068080608,-0.3577135886791546,-0.04046525019597212,-0.2781980994560074,-0.7877421750606662,0.5496072080038216,-0.22847815094272672,-0.501501001100667,-0.8344426166231093,,0.0,0.0,0.045,1.0,0.0,0.0,0.0,1.0,0.0,0.0,0.0,1.0,,0.019037333378670685,-0.19337877532911046,0.2249495411038443,False,,0.013420701876642432,0.546102691917871,-0.3138647332262258,-0.6527483138763143,-0.25335119274636636,-0.7139557492349387,0.5092762640695014,0.5509546117270365,-0.6611253305328136,0.5608541036553452,-0.7951491614475262,-0.23060894488778086
10:36:08.210006,,-0.2288786341933918,-0.4190432084882961,0.09285843786,-2.1730875500557065,0.14165339068555383,0.8982013731157534,,0.013419265776555542,0.5460995827657684,-0.31386789609314003,-0.5775099323469409,-0.73811537568963,-0.34880936084226316,0.5717937948828868,-0.060749215104171445,-0.8181450904317976,0.5826955759005374,-0.6719339439519212,0.45713306683192106,,-0.01350341644184392,0.2895885742683372,-0.08000876428537557,0.7633405883720805,-0.5040332037321771,0.40405652533688313,0.47761143249770827,0.861498165459972,0.17236075668394318,-0.4349694997115599,0.06141205445718341,0.8983485369699753,,0.04269594805284387,0.7203709254330657,1.1770666115938742,0.9911959966889486,-0.041371972668245695,-0.12577303377648108,0.04967711890861507,-0.7643247600307831,0.642915114973062,-0.12273011042422001,-0.6435029301265257,-0.755540401907029,,0.05445249202358471,0.6513013065352852,-0.3943137505230152,0.9329542068080608,-0.3577135886791546,-0.04046525019597212,-0.2781980994560074,-0.7877421750606662,0.5496072080038216,-0.22847815094272672,-0.501501001100667,-0.8344426166231093,,0.0,0.0,0.045,1.0,0.0,0.0,0.0,1.0,0.0,0.0,0.0,1.0,,0.019037333378670685,-0.19337877532911046,0.2249495411038443,False,,0.013419265776555542,0.5460995827657684,-0.31386789609314003,-0.6501807734305762,-0.2709653869409898,-0.7098187944406218,0.510492287490613,0.5361455452927416,-0.6722689779213007,0.5627278083352725,-0.7994533840960765,-0.2102657850995077
10:36:08.222794,,-0.22880140686464956,-0.41908182215266726,0.09285843786,-2.1764423745251094,0.13937298572186593,0.8683603425287518,,0.013411700646456484,0.5461021248474568,-0.3138667763567652,-0.5832986151854802,-0.7278000999002455,-0.36065182670810614,0.5681123607738624,-0.04821403247881309,-0.8215374322622682,0.580526546385822,-0.6840924072501644,0.4415954113031808,,-0.01350341644184392,0.2895885742683372,-0.08000876428537557,0.7633405883720805,-0.5040332037321771,0.40405652533688313,0.47761143249770827,0.861498165459972,0.17236075668394318,-0.4349694997115599,0.06141205445718341,0.8983485369699753,,0.04269594805284387,0.7203709254330657,1.1770666115938742,0.9911959966889486,-0.041371972668245695,-0.12577303377648108,0.04967711890861507,-0.7643247600307831,0.642915114973062,-0.12273011042422001,-0.6435029301265257,-0.755540401907029,,0.05445249202358471,0.6513013065352852,-0.3943137505230152,0.9329542068080608,-0.3577135886791546,-0.04046525019597212,-0.2781980994560074,-0.7877421750606662,0.5496072080038216,-0.22847815094272672,-0.501501001100667,-0.8344426166231093,,0.0,0.0,0.045,1.0,0.0,0.0,0.0,1.0,0.0,0.0,0.0,1.0,,0.019037333378670685,-0.19337877532911046,0.2249495411038443,False,,0.013411700646456484,0.5461021248474568,-0.3138667763567652,-0.6475586826219871,-0.28861748006669363,-0.7052430097213505,0.5124356823299766,0.5200441659440677,-0.6833474496495549,0.5639835317062798,-0.8038992571631667,-0.1888612196736558
10:36:08.235263,,-0.22873190226878154,-0.41912043581703834,0.09285714157000001,-2.1791681694064993,0.1368242978212736,0.8409283719878303,,0.013386465586809337,0.5461149815653483,-0.3138536785568061,-0.5964961173406509,-0.7011904078469658,-0.3905437157872783,0.5595346858031335,-0.014438371005151385,-0.8286811623452692,0.5754244671377098,-0.7128278511577137,0.40095278678811963,,-0.013503666545011403,0.2895888231412055,-0.08000869981369457,0.7633407498754026,-0.5040338220661726,0.404055448891251,0.47761152835770365,0.8614978978838912,0.17236182845149203,-0.43496911102417724,0.061410733106590516,0.8983488154942012,,0.04269594805284387,0.7203709254330657,1.1770666115938742,0.9911959966889486,-0.041371972668245695,-0.12577303377648108,0.04967711890861507,-0.7643247600307831,0.642915114973062,-0.12273011042422001,-0.6435029301265257,-0.755540401907029,,0.05445249202358471,0.6513013065352852,-0.3943137505230152,0.9329542068080608,-0.3577135886791546,-0.04046525019597212,-0.2781980994560074,-0.7877421750606662,0.5496072080038216,-0.22847815094272672,-0.501501001100667,-0.8344426166231093,,0.0,0.0,0.045,1.0,0.0,0.0,0.0,1.0,0.0,0.0,0.0,1.0,,0.019037333378670685,-0.19337877532911046,0.2249495411038443,False,,0.013386465586809337,0.5461149815653483,-0.3138536785568061,-0.6420908868405704,-0.3283027976418773,-0.6927745420386106,0.5175913276755164,0.48096590287058866,-0.7076517630805252,0.5655249866729023,-0.8129508431242298,-0.1388971422032062
10:36:08.248618,,-0.22866239767291352,-0.4191744949471579,0.09285584528000002,-2.182522993875902,0.13427560992068122,0.81067225404085,,0.01337249435868923,0.5461220145487049,-0.31384829980732776,-0.6029955557154364,-0.6865581868161392,-0.40624403491395034,0.5552139044298231,0.0044858791629959205,-0.8316954954885387,0.5728297130170737,-0.7270610242640363,0.37848168632168566,,-0.013504255875210026,0.28958812541083023,-0.0800082861168422,0.763343274772511,-0.5040320642102045,0.4040528716203336,0.4776107982317906,0.8614989028778489,0.17235882834863137,-0.4349654816523137,0.061411062076155896,0.8983505502768437,,0.04269594805284387,0.7203709254330657,1.1770666115938742,0.9911959966889486,-0.041371972668245695,-0.12577303377648108,0.04967711890861507,-0.7643247600307831,0.642915114973062,-0.12273011042422001,-0.6435029301265257,-0.755540401907029,,0.05445249202358471,0.6513013065352852,-0.3943137505230152,0.9329542068080608,-0.3577135886791546,-0.04046525019597212,-0.2781980994560074,-0.7877421750606662,0.5496072080038216,-0.22847815094272672,-0.501501001100667,-0.8344426166231093,,0.0,0.0,0.045,1.0,0.0,0.0,0.0,1.0,0.0,0.0,0.0,1.0,,0.019037333378670685,-0.19337877532911046,0.2249495411038443,False,,0.01337249435868923,0.5461220145487049,-0.31384829980732776,-0.6392681504993605,-0.3477420389525596,-0.6858656618480358,0.5201803020088102,0.4613306373122694,-0.7187395192133788,0.5663467887779984,-0.8162410902559196,-0.11402542443980379
10:36:08.260247,,-0.2285311112140517,-0.4192671677416486,0.09285714157000001,-2.188393936697357,0.1305196488040188,0.7508578220657778,,0.013360585877782626,0.5461253074808188,-0.3138429907380958,-0.6088885995451505,-0.6704913486309829,-0.4239056790784373,0.5512398469268616,0.02663777735983741,-0.8339214950925404,0.5704290529978252,-0.7414389929241201,0.35338210943350107,,-0.013505095309357715,0.28958767655284207,-0.0800078079481871,0.763345961161434,-0.5040309246926548,0.4040492178954135,0.477610163966649,0.8614996403030036,0.17235690001693493,-0.43496146358519927,0.061410069704930584,0.8983525635765496,,0.04269594805284387,0.7203709254330657,1.1770666115938742,0.9911959966889486,-0.041371972668245695,-0.12577303377648108,0.04967711890861507,-0.7643247600307831,0.642915114973062,-0.12273011042422001,-0.6435029301265257,-0.755540401907029,,0.05445249202358471,0.6513013065352852,-0.3943137505230152,0.9329542068080608,-0.3577135886791546,-0.04046525019597212,-0.2781980994560074,-0.7877421750606662,0.5496072080038216,-0.22847815094272672,-0.501501001100667,-0.8344426166231093,,0.0,0.0,0.045,1.0,0.0,0.0,0.0,1.0,0.0,0.0,0.0,1.0,,0.019037333378670685,-0.19337877532911046,0.2249495411038443,False,,0.013360585877782626,0.5461253074808188,-0.3138429907380958,-0.6364921768427961,-0.3682095580324388,-0.6777163346057664,0.5225343863719628,0.44044301805805036,-0.7300464114717587,0.5673054943121876,-0.8187989186714112,-0.0879363798762074
10:36:08.273235,,-0.22847705208393213,-0.4193212268717682,0.09285584528000002,-2.1913294081080847,0.12917823411949653,0.7215741358660481,,0.013351850215793555,0.5461268912001007,-0.31384149634723285,-0.6137416852621049,-0.6526276695967859,-0.4442952494100065,0.5479261345529406,0.053064279349764765,-0.8348419810544765,0.568417183805613,-0.7558183029893881,0.32502399606911686,,-0.013505934743741451,0.2895872276950251,-0.08000732977979635,0.7633486475408231,-0.5040297851755642,0.40404556416334036,0.47760952969714215,0.8615003777379717,0.17235497169042724,-0.43495744551239957,0.0614090773404705,0.8983545768682437,,0.04269594805284387,0.7203709254330657,1.1770666115938742,0.9911959966889486,-0.041371972668245695,-0.12577303377648108,0.04967711890861507,-0.7643247600307831,0.642915114973062,-0.12273011042422001,-0.6435029301265257,-0.755540401907029,,0.05445249202358471,0.6513013065352852,-0.3943137505230152,0.9329542068080608,-0.3577135886791546,-0.04046525019597212,-0.2781980994560074,-0.7877421750606662,0.5496072080038216,-0.22847815094272672,-0.501501001100667,-0.8344426166231093,,0.0,0.0,0.045,1.0,0.0,0.0,0.0,1.0,0.0,0.0,0.0,1.0,,0.019037333378670685,-0.19337877532911046,0.2249495411038443,False,,0.013351850215793555,0.5461268912001007,-0.31384149634723285,-0.6339511836370599,-0.39011255811449835,-0.6677709852685522,0.5245018138078654,0.417653996798231,-0.7419319283267991,0.5683341834496937,-0.8205957171225216,-0.06015750130070663
10:36:08.285705,,-0.22841527022093833,-0.4193752860018878,0.09285584528000002,-2.19447455604815,0.12783681943497424,0.6903617636329124,,0.013337524806799055,0.5461277389349372,-0.3138440612557602,-0.6218620975960836,-0.6154615798567208,-0.48424639936056124,0.5422971391782904,0.10767296233157705,-0.8332588709529498,0.5649790654638815,-0.780777546361966,0.266805319820552,,-0.013506577735631794,0.2895870114148047,-0.08000698951264794,0.7633504922840504,-0.5040292316006535,0.40404276952157814,0.4776091387987944,0.8615007801742343,0.17235404339896931,-0.4349546372283968,0.0614079753139169,0.8983560118918743,,0.04269594805284387,0.7203709254330657,1.1770666115938742,0.9911959966889486,-0.041371972668245695,-0.12577303377648108,0.04967711890861507,-0.7643247600307831,0.642915114973062,-0.12273011042422001,-0.6435029301265257,-0.755540401907029,,0.05445249202358471,0.6513013065352852,-0.3943137505230152,0.9329542068080608,-0.3577135886791546,-0.04046525019597212,-0.2781980994560074,-0.7877421750606662,0.5496072080038216,-0.22847815094272672,-0.501501001100667,-0.8344426166231093,,0.0,0.0,0.045,1.0,0.0,0.0,0.0,1.0,0.0,0.0,0.0,1.0,,0.019037333378670685,-0.19337877532911046,0.2249495411038443,False,,0.013337524806799055,0.5461277389349372,-0.3138440612557602,-0.6288754478566425,-0.4311836135901058,-0.646990233662368,0.5278048570736316,0.3742713830324091,-0.7624585003083715,0.5709095409367325,-0.8209760186597328,-0.00778927808101354
10:36:08.297288,,-0.22836121109081875,-0.41942934513200736,0.09285454899000001,-2.1972003509295397,0.12703197062426086,0.660668382560236,,0.013334115432290385,0.5461259463604882,-0.3138486385619125,-0.624542790088371,-0.595960704694478,-0.5047545361942715,0.5404153548706787,0.13681293862501517,-0.8302008576511989,0.5638240395448134,-0.7912730617712505,0.23662078130739012,,-0.01350677417930691,0.2895867788381771,-0.08000685161392936,0.763351333908098,-0.5040286456519626,0.40404191042292154,0.47760889541527995,0.8615011151801506,0.17235304336965354,-0.43495342743350357,0.06140808497937227,0.8983565901457184,,0.04269594805284387,0.7203709254330657,1.1770666115938742,0.9911959966889486,-0.041371972668245695,-0.12577303377648108,0.04967711890861507,-0.7643247600307831,0.642915114973062,-0.12273011042422001,-0.6435029301265257,-0.755540401907029,,0.05445249202358471,0.6513013065352852,-0.3943137505230152,0.9329542068080608,-0.3577135886791546,-0.04046525019597212,-0.2781980994560074,-0.7877421750606662,0.5496072080038216,-0.22847815094272672,-0.501501001100667,-0.8344426166231093,,0.0,0.0,0.045,1.0,0.0,0.0,0.0,1.0,0.0,0.0,0.0,1.0,,0.019037333378670685,-0.19337877532911046,0.2249495411038443,False,,0.013334115432290385,0.5461259463604882,-0.3138486385619125,-0.6266809012360832,-0.4510386120401987,-0.6354803053398129,0.5289446147906568,0.35264956831793587,-0.7719170139653208,0.572266233941768,-0.8198795353062697,0.0175756956073157
10:36:08.309171,,-0.22829170649495073,-0.41949112699500113,0.09285454899000001,-2.1999261458109296,0.12662954621890418,0.624296178258204,,0.013334553860316942,0.546119594782859,-0.313855847516036,-0.6262698593327701,-0.5710944113837362,-0.5306950504551331,0.5391967186631512,0.17435774398521214,-0.8239334170279039,0.5630745615584166,-0.8021536949978172,0.19873723286577635,,-0.013506347255721439,0.28958678353807077,-0.08000704928636551,0.763371550064506,-0.5039968635097579,0.4040433574077006,0.4775729526074577,0.861520961752815,0.1723534274075998,-0.4349574094445977,0.06139047624573563,0.8983558637513385,,0.04269594805284387,0.7203709254330657,1.1770666115938742,0.9911959966889486,-0.041371972668245695,-0.12577303377648108,0.04967711890861507,-0.7643247600307831,0.642915114973062,-0.12273011042422001,-0.6435029301265257,-0.755540401907029,,0.05445249202358471,0.6513013065352852,-0.3943137505230152,0.9329542068080608,-0.3577135886791546,-0.04046525019597212,-0.2781980994560074,-0.7877421750606662,0.5496072080038216,-0.22847815094272672,-0.501501001100667,-0.8344426166231093,,0.0,0.0,0.045,1.0,0.0,0.0,0.0,1.0,0.0,0.0,0.0,1.0,,0.019037333378670685,-0.19337877532911046,0.2249495411038443,False,,0.013334553860316942,0.546119594782859,-0.313855847516036,-0.624570682540482,-0.47489634193706953,-0.6199878441757604,0.5297352408076259,0.3257043737642118,-0.7831329616082762,0.5738397312468034,-0.8175512982838772,0.04814392502636011
10:36:08.321345,,-0.22817586550183735,-0.4196146907209887,0.09285195641,-2.2039099998683453,0.12434914125521628,0.5524373448005684,,0.013331765713681415,0.5461174959459127,-0.3138605247873696,-0.6277646786703903,-0.5456925044550163,-0.5550956663454268,0.5381379664580486,0.21100481916670705,-0.8160174601960557,0.5624224722308467,-0.8109849917662084,0.16119648215673035,,-0.013505723877554669,0.2895870208202242,-0.08000738483087681,0.7633909240191623,-0.5039656670330375,0.4040456638069315,0.47753725281587267,0.8615404726104994,0.17235481162768676,-0.43496260087771643,0.06137275755652244,0.8983545599214542,,0.04269594805284387,0.7203709254330657,1.1770666115938742,0.9911959966889486,-0.041371972668245695,-0.12577303377648108,0.04967711890861507,-0.7643247600307831,0.642915114973062,-0.12273011042422001,-0.6435029301265257,-0.755540401907029,,0.05445249202358471,0.6513013065352852,-0.3943137505230152,0.9329542068080608,-0.3577135886791546,-0.04046525019597212,-0.2781980994560074,-0.7877421750606662,0.5496072080038216,-0.22847815094272672,-0.501501001100667,-0.8344426166231093,,0.0,0.0,0.045,1.0,0.0,0.0,0.0,1.0,0.0,0.0,0.0,1.0,,0.019037333378670685,-0.19337877532911046,0.2249495411038443,False,,0.013331765713681415,0.5461174959459127,-0.3138605247873696,-0.6229909719422728,-0.4967447994579459,-0.6042572739238709,0.5307015543037157,0.2990929843528024,-0.793031680937499,0.5746634746858749,-0.8147318521589909,0.0772910081415521
