System Time,q_des,q0,q1,q2,q3,q4,q5,T_des,Tx,Ty,Tz,R00,R01,R02,R10,R11,R12,R20,R21,R22,T_target,Tx,Ty,Tz,R00,R01,R02,R10,R11,R12,R20,R21,R22,worldFrame,Tx,Ty,Tz,R00,R01,R02,R10,R11,R12,R20,R21,R22,ECM_T_PSM_RCM,Tx,Ty,Tz,R00,R01,R02,R10,R11,R12,R20,R21,R22,psm3_T_cam,Tx,Ty,Tz,R00,R01,R02,R10,R11,R12,R20,R21,R22,offset,x,y,z,IK Trigered,ECM_T_PSM3,Tx,Ty,Tz,R00,R01,R02,R10,R11,R12,R20,R21,R22
17:16:28.475681,,0.19657444258051068,-0.942304697114252,0.09154788867000001,-3.3000988952457315,-0.8414694316008325,1.15990845378204,,0.14507715231645402,0.2093836904314328,-0.04902866853556486,0.898033078590451,-0.4354841734723607,-0.06237086188639931,-0.286677616747478,-0.6868288462799099,0.6678937639878025,-0.3336952708884912,-0.5819103630052512,-0.7416385882717766,,0.025215008879022456,0.2852751781945183,-0.0923809460796844,-0.9796338208169058,-0.13559865696486154,0.14808977459972186,0.1934213202594701,-0.8352764302994554,0.5146858049871615,0.053905194376368905,0.5328473413798035,0.8444927121081159,,-0.009084490935341787,0.632707139023764,1.166697337397314,0.9982009152604525,-0.03986583265566421,-0.0447844633758785,0.002457458368363665,-0.7191031012166331,0.6948990507397378,-0.05990737576928725,-0.6937589244163217,-0.7177114051770015,,0.15076744904080705,0.6703056740334401,-0.3868685822823448,0.9761873458624083,-0.21655293229251413,0.012770798472315173,-0.17754802853327337,-0.7637604121296481,0.6206019097839595,-0.12463933304561063,-0.6080911612407005,-0.7840217957932557,,0.0,0.0,0.045,1.0,0.0,0.0,0.0,1.0,0.0,0.0,0.0,1.0,,-0.007552247689981291,-0.19895363962927348,0.22517962125698898,True,,0.14466230946272746,0.5363198029585308,-0.3869055778821073,0.3321034840532834,-0.6052170511426062,-0.7234774335706116,0.6901426253069584,0.6787505422813233,-0.2509997173050778,0.6429700091093595,-0.4159447347413569,0.6431015044507767
17:16:29.167647,,-0.12506965889806593,-0.8132501080530862,0.06309691575000001,-3.44666278925277,-1.0962040801916153,0.695868136771408,,0.12990444592715747,0.5749776332903751,-0.38192063142839106,-0.21088032398635603,-0.714152380802993,-0.6674697490889204,0.693214684781457,0.3721652655404941,-0.6172085676078376,0.6891900244190672,-0.5928569744201297,0.4165785857706263,,0.025215846470344874,0.28527625177981475,-0.09238242705750252,-0.9796334732310918,-0.13558888080091164,0.14810101872968828,0.19342217023623165,-0.8352459604878376,0.5147349296193949,0.05390844466984294,0.5328975878274674,0.8444607976107433,,-0.009084490935341787,0.632707139023764,1.166697337397314,0.9982009152604525,-0.03986583265566421,-0.0447844633758785,0.002457458368363665,-0.7191031012166331,0.6948990507397378,-0.05990737576928725,-0.6937589244163217,-0.7177114051770015,,0.15076744904080705,0.6703056740334401,-0.3868685822823448,0.9761873458624083,-0.21655293229251413,0.012770798472315173,-0.17754802853327337,-0.7637604121296481,0.6206019097839595,-0.12463933304561063,-0.6080911612407005,-0.7840217957932557,,0.0,0.0,0.045,1.0,0.0,0.0,0.0,1.0,0.0,0.0,0.0,1.0,,-0.007552247689981291,-0.19895363962927348,0.22517962125698898,False,,0.12820877570630604,0.571075319595905,-0.367249349737727,0.3771421963716742,-0.8163587703681162,-0.4374038428717867,0.8623318436559618,0.4818082865762408,-0.15570666781925802,0.33785729995496505,-0.31846370755476083,0.8856823989656883
17:16:29.232262,,-0.22730319668704999,-0.7736556566069371,0.047400140140000005,-3.4823077992401754,-1.1640796632284431,0.5728040439556704,,0.12547803576433497,0.5902975353369603,-0.3657369010181688,-0.4021265540653703,-0.6517458308318902,-0.643056456704044,0.6451503110628525,0.29666528353023686,-0.7041099244318524,0.6496732337498717,-0.6980093706685988,0.30117703731827095,,0.02521574602683115,0.2852761533240442,-0.09238274986997677,-0.979633208749118,-0.1355875659689897,0.1481039727950908,0.1934235923235888,-0.8352364245151935,0.5147498689488813,0.053908150921008646,0.5329128686801036,0.8444511733348457,,-0.009084490935341787,0.632707139023764,1.166697337397314,0.9982009152604525,-0.03986583265566421,-0.0447844633758785,0.002457458368363665,-0.7191031012166331,0.6948990507397378,-0.05990737576928725,-0.6937589244163217,-0.7177114051770015,,0.15076744904080705,0.6703056740334401,-0.3868685822823448,0.9761873458624083,-0.21655293229251413,0.012770798472315173,-0.17754802853327337,-0.7637604121296481,0.6206019097839595,-0.12463933304561063,-0.6080911612407005,-0.7840217957932557,,0.0,0.0,0.045,1.0,0.0,0.0,0.0,1.0,0.0,0.0,0.0,1.0,,-0.007552247689981291,-0.19895363962927348,0.22517962125698898,False,,0.12625948886153787,0.5876329915407543,-0.36533133908660403,0.41093791237759336,-0.8374881655045762,-0.36019939590527505,0.8754839657003602,0.47272256346790775,-0.10030555213895333,0.25427909464270904,-0.27412944137416095,0.9274670837283523
17:16:29.293155,,-0.27346969380916414,-0.7563335667700516,0.039325549730000006,-3.493420655295072,-1.1829936102802074,0.5281797784539817,,0.12138801640595416,0.5932843168191403,-0.36872925068742857,-0.38040250317807917,-0.6844720497175203,-0.621925999401334,0.6523187742651253,0.2781144626229887,-0.7050762812782533,0.6555716225685001,-0.6739067879428302,0.3406985307386597,,0.02521513310248282,0.2852767238464225,-0.09238251064242513,-0.9796334232529135,-0.1355875865651392,0.14810253571694382,0.19342345319033338,-0.8352305044814896,0.5147595271678738,0.0539047537075779,0.5329221419903727,0.8444455380749478,,-0.009084490935341787,0.632707139023764,1.166697337397314,0.9982009152604525,-0.03986583265566421,-0.0447844633758785,0.002457458368363665,-0.7191031012166331,0.6948990507397378,-0.05990737576928725,-0.6937589244163217,-0.7177114051770015,,0.15074836819766263,0.6702971447214574,-0.38687168972668706,0.9761816402683998,-0.2165791124587687,0.012762963976611759,-0.17756223457201964,-0.7637493267696935,0.6206114877382072,-0.12466378005133386,-0.6080957604731445,-0.7840143417297294,,0.0,0.0,0.045,1.0,0.0,0.0,0.0,1.0,0.0,0.0,0.0,1.0,,-0.007552247689981291,-0.19895363962927348,0.22517962125698898,False,,0.12620189190616454,0.598208702324699,-0.36513764432781676,0.43412432296044373,-0.8388222229673442,-0.32850167498851474,0.874469148626328,0.4799991834599487,-0.07003207821082916,0.21642499928354314,-0.2568619515107401,0.9419034757082134
17:16:29.398788,,-0.3116277169407074,-0.7449193675819478,0.031830400950000004,-3.494259361412423,-1.1799083565058062,0.5299913723995759,,0.12670815777843103,0.5803556807033741,-0.381655138112467,-0.20004451441788842,-0.7389739844889884,-0.6433503264161601,0.6977103632721773,0.35355715061553766,-0.6230550459078464,0.6878825780857643,-0.5735109340693433,0.4448626386526431,,0.02520989818387824,0.2852731898463026,-0.09238544216028381,-0.9796326114846299,-0.13559124058288533,0.14810456055725513,0.19342784459340864,-0.8352276868462931,0.5147624490249828,0.053903750487435426,0.5329256284580842,0.8444434019404756,,-0.009084490935341787,0.632707139023764,1.166697337397314,0.9982009152604525,-0.03986583265566421,-0.0447844633758785,0.002457458368363665,-0.7191031012166331,0.6948990507397378,-0.05990737576928725,-0.6937589244163217,-0.7177114051770015,,0.15074836819766263,0.6702971447214574,-0.38687168972668706,0.9761816402683998,-0.2165791124587687,0.012762963976611759,-0.17756223457201964,-0.7637493267696935,0.6206114877382072,-0.12466378005133386,-0.6080957604731445,-0.7840143417297294,,0.0,0.0,0.045,1.0,0.0,0.0,0.0,1.0,0.0,0.0,0.0,1.0,,-0.007552247689981291,-0.19895363962927348,0.22517962125698898,False,,0.12680451100553297,0.606060240489825,-0.36569033767983156,0.45057947798367204,-0.8188910782529885,-0.355521498615231,0.8667126031445843,0.4967139831324623,-0.045656133334117846,0.2139798999212315,-0.2875632468142308,0.9335523453515384
17:16:29.509685,,-0.3464109058062146,-0.7362544612970678,0.019724348640000004,-3.4783239451827592,-1.1725305757409337,0.5401664052060828,,0.1390245219975806,0.5694842820474268,-0.3788630940737921,-0.1460108867632259,-0.6651999182945598,-0.7322498819716715,0.7061632654424342,0.44829530834775744,-0.5480554342884189,0.6928306167356454,-0.5971100277288097,0.4042837509712769,,0.025204463034192784,0.28527021287029447,-0.09238852635180998,-0.9796318594242923,-0.1355929516292721,0.1481079720298051,0.19343232257623844,-0.8352152227739972,0.5147809904597881,0.05390135891683711,0.532944727926321,0.844431501302429,,-0.009084490935341787,0.632707139023764,1.166697337397314,0.9982009152604525,-0.03986583265566421,-0.0447844633758785,0.002457458368363665,-0.7191031012166331,0.6948990507397378,-0.05990737576928725,-0.6937589244163217,-0.7177114051770015,,0.15074836819766263,0.6702971447214574,-0.38687168972668706,0.9761816402683998,-0.2165791124587687,0.012762963976611759,-0.17756223457201964,-0.7637493267696935,0.6206114877382072,-0.12466378005133386,-0.6080957604731445,-0.7840143417297294,,0.0,0.0,0.045,1.0,0.0,0.0,0.0,1.0,0.0,0.0,0.0,1.0,,-0.007552247689981291,-0.19895363962927348,0.22517962125698898,False,,0.1292216783153647,0.6169227885439712,-0.3671744848183712,0.4598910239614776,-0.7931638126124396,-0.3992385407770174,0.8606093956786458,0.5088864958728041,-0.019646943475624984,0.21875034662669585,-0.3345529863570149,0.9166365611136746
17:16:29.621643,,-0.3424414211088632,-0.7279602461901508,0.010127913770000002,-3.451695025956874,-1.1567018824635706,0.5469539769239125,,0.14277554731718553,0.559695667804561,-0.38363795187956273,-0.10007620964671411,-0.6700809787007658,-0.7355108661645798,0.7121170320160372,0.4680336900481108,-0.5232913124566653,0.694891419558061,-0.576138826120383,0.43033704007581086,,0.025199145715081486,0.2852668323544291,-0.09239128089314416,-0.9796311962644498,-0.13559713569026294,0.14810852786994594,0.19343611728686627,-0.8352150355950261,0.5147798682686651,0.05389979373047589,0.532943956751851,0.8444320879308272,,-0.009084490935341787,0.632707139023764,1.166697337397314,0.9982009152604525,-0.03986583265566421,-0.0447844633758785,0.002457458368363665,-0.7191031012166331,0.6948990507397378,-0.05990737576928725,-0.6937589244163217,-0.7177114051770015,,0.15074836819766263,0.6702971447214574,-0.38687168972668706,0.9761816402683998,-0.2165791124587687,0.012762963976611759,-0.17756223457201964,-0.7637493267696935,0.6206114877382072,-0.12466378005133386,-0.6080957604731445,-0.7840143417297294,,0.0,0.0,0.045,1.0,0.0,0.0,0.0,1.0,0.0,0.0,0.0,1.0,,-0.007552247689981291,-0.19895363962927348,0.22517962125698898,False,,0.13288027598236107,0.6258282899577163,-0.3684515350062272,0.45303735304708415,-0.7821401241242758,-0.4278013358779449,0.8622136099722022,0.5063847002685444,-0.012736801507442302,0.22659401475501317,-0.3630858873170356,0.9037830441585006
17:16:29.725398,,-0.32065559167067587,-0.7133102219277468,0.0029918373200000003,-3.4217112822615854,-1.1368489451326407,0.5556971971103071,,0.07412562330334996,0.4938374772011991,-0.3020677879670457,0.7881266571824167,-0.6003910063704374,0.1355987157312447,-0.4168990016405158,-0.35862494942336276,0.8352145640984906,-0.4528262301033483,-0.7147858316451048,-0.532944293721028,,0.025194509040753606,0.2852637515035016,-0.09239440072048884,-0.979630573258078,-0.13559871572626075,0.14811120200014552,0.19343888574134233,-0.8352145640677922,0.5147795930091689,0.053901181319958906,0.5329442937014396,0.8444317867003092,,-0.009084490935341787,0.632707139023764,1.166697337397314,0.9982009152604525,-0.03986583265566421,-0.0447844633758785,0.002457458368363665,-0.7191031012166331,0.6948990507397378,-0.05990737576928725,-0.6937589244163217,-0.7177114051770015,,0.15074836819766263,0.6702971447214574,-0.38687168972668706,0.9761816402683998,-0.2165791124587687,0.012762963976611759,-0.17756223457201964,-0.7637493267696935,0.6206114877382072,-0.12466378005133386,-0.6080957604731445,-0.7840143417297294,,0.0,0.0,0.045,1.0,0.0,0.0,0.0,1.0,0.0,0.0,0.0,1.0,,-0.007552247689981291,-0.19895363962927348,0.22517962125698898,True,,0.13652229081430794,0.632915820704889,-0.36916791948337285,0.4367823646467163,-0.7798296060358123,-0.4484271975289331,0.8692746499628652,0.4941669937706323,-0.012671432422339896,0.23147947828168514,-0.38427173694890127,0.8937295358869557
17:16:29.827231,,-0.30237588295738643,-0.7042205653347846,0.0005055531000000001,-3.390888832448947,-1.1190081298284942,0.5632559481302685,,0.07475068439331749,0.4949083645798521,-0.30212089550269466,0.7881232900537943,-0.600395069489142,0.13560029575156254,-0.41690221542105177,-0.35862231157936286,0.8352140925621966,-0.45282913162891997,-0.714783742239989,-0.532944630686524,,0.0251898723753773,0.2852606706585793,-0.09239752054540942,-0.97962995026041,-0.13560029574881285,0.14811387613949384,0.19344165419070478,-0.8352140925452602,0.5147793177636467,0.05390256892017883,0.532944630675717,0.8444314854724292,,-0.009084490935341787,0.632707139023764,1.166697337397314,0.9982009152604525,-0.03986583265566421,-0.0447844633758785,0.002457458368363665,-0.7191031012166331,0.6948990507397378,-0.05990737576928725,-0.6937589244163217,-0.7177114051770015,,0.15074836819766263,0.6702971447214574,-0.38687168972668706,0.9761816402683998,-0.2165791124587687,0.012762963976611759,-0.17756223457201964,-0.7637493267696935,0.6206114877382072,-0.12466378005133386,-0.6080957604731445,-0.7840143417297294,,0.0,0.0,0.045,1.0,0.0,0.0,0.0,1.0,0.0,0.0,0.0,1.0,,-0.007552247689981291,-0.19895363962927348,0.22517962125698898,True,,0.13777729456276858,0.6350606032189919,-0.36927106695940215,0.4205987222588903,-0.7760002005718697,-0.47002170539945004,0.8751500805619897,0.48360942154874276,-0.015305681351499845,0.23918413686223455,-0.40490198332646987,0.882522142822354
17:16:29.929556,,-0.28432013349744956,-0.7000811805142002,0.00039536845000000004,-3.354405116344191,-1.0925822605434052,0.5703211658595008,,0.07487431074902802,0.4948344973176897,-0.30204929956085896,0.7881218083019056,-0.600396953285639,0.1356005669761628,-0.41690362967883265,-0.35862174070105,0.8352136317476888,-0.45283040847490513,-0.7147824463302601,-0.5329452838505839,,0.02518964729862644,0.28526091856253794,-0.09239736029150387,-0.9796300889501143,-0.13560056697325135,0.1481127105186545,0.19344131410647525,-0.8352136317297562,0.5147801932151334,0.05390126879220881,0.5329452838391412,0.8444311562307883,,-0.009084490935341787,0.632707139023764,1.166697337397314,0.9982009152604525,-0.03986583265566421,-0.0447844633758785,0.002457458368363665,-0.7191031012166331,0.6948990507397378,-0.05990737576928725,-0.6937589244163217,-0.7177114051770015,,0.15074836819766263,0.6702971447214574,-0.38687168972668706,0.9761816402683998,-0.2165791124587687,0.012762963976611759,-0.17756223457201964,-0.7637493267696935,0.6206114877382072,-0.12466378005133386,-0.6080957604731445,-0.7840143417297294,,0.0,0.0,0.045,1.0,0.0,0.0,0.0,1.0,0.0,0.0,0.0,1.0,,-0.007552247689981291,-0.19895363962927348,0.22517962125698898,True,,0.13802481439075354,0.6349125493644597,-0.3691281365700656,0.40039039389196474,-0.768000803942214,-0.49986227865598165,0.8785950521843514,0.4767063116894462,-0.028667519471019753,0.2603041812115475,-0.42769832538783387,0.8656303343253565
17:16:30.043014,,-0.26726833931116184,-0.6943200217900287,0.00037462781000000006,-3.3110020747712907,-1.063741844826176,0.571409858017459,,0.07493776795164847,0.4947378741105008,-0.3019486937775622,0.7881218083019056,-0.600396953285639,0.1356005669761628,-0.41690362967883265,-0.35862174070105,0.8352136317476888,-0.45283040847490513,-0.7147824463302601,-0.5329452838505839,,0.02518964729862644,0.28526091856253794,-0.09239736029150387,-0.9796300889501143,-0.13560056697325135,0.1481127105186545,0.19344131410647525,-0.8352136317297562,0.5147801932151334,0.05390126879220881,0.5329452838391412,0.8444311562307883,,-0.009084490935341787,0.632707139023764,1.166697337397314,0.9982009152604525,-0.03986583265566421,-0.0447844633758785,0.002457458368363665,-0.7191031012166331,0.6948990507397378,-0.05990737576928725,-0.6937589244163217,-0.7177114051770015,,0.15074836819766263,0.6702971447214574,-0.38687168972668706,0.9761816402683998,-0.2165791124587687,0.012762963976611759,-0.17756223457201964,-0.7637493267696935,0.6206114877382072,-0.12466378005133386,-0.6080957604731445,-0.7840143417297294,,0.0,0.0,0.045,1.0,0.0,0.0,0.0,1.0,0.0,0.0,0.0,1.0,,-0.007552247689981291,-0.19895363962927348,0.22517962125698898,True,,0.13815172879599444,0.6347193029500819,-0.36892692500347213,0.37629187481595466,-0.7596209438504292,-0.5304530578772048,0.8823767551086324,0.4684035788258229,-0.044825766999818106,0.2825167021460052,-0.45119187604271477,0.8465283243941699
17:16:30.145673,,-0.2505872363028369,-0.6870143164910124,0.00035907233000000003,-3.258373265907534,-1.0312796094607366,0.569905313893152,,0.07495818122485025,0.49464853392711455,-0.3018328547622169,0.788121097732659,-0.6003980882049208,0.13559967178627252,-0.4169043078790851,-0.35862289316680107,0.8352127983744827,-0.45283102077985965,-0.7147809148099504,-0.5329468176496797,,0.025189650008613788,0.2852614402488935,-0.09239730255226938,-0.9796303170755299,-0.13559967178303764,0.14811202122419653,0.19344029083458827,-0.8352127983545578,0.5147819298488114,0.05390079499055918,0.5329468176369656,0.8444302184445464,,-0.009084490935341787,0.632707139023764,1.166697337397314,0.9982009152604525,-0.03986583265566421,-0.0447844633758785,0.002457458368363665,-0.7191031012166331,0.6948990507397378,-0.05990737576928725,-0.6937589244163217,-0.7177114051770015,,0.15074836819766263,0.6702971447214574,-0.38687168972668706,0.9761816402683998,-0.2165791124587687,0.012762963976611759,-0.17756223457201964,-0.7637493267696935,0.6206114877382072,-0.12466378005133386,-0.6080957604731445,-0.7840143417297294,,0.0,0.0,0.045,1.0,0.0,0.0,0.0,1.0,0.0,0.0,0.0,1.0,,-0.007552247689981291,-0.19895363962927348,0.22517962125698898,True,,0.13819241387797765,0.6345399717241069,-0.36869554245087577,0.3460738153856318,-0.7485990687197859,-0.5655372212474625,0.8866727230218465,0.4579948571930211,-0.0636568380754843,0.30666658858352336,-0.47941646310552777,0.8222624023691771
17:16:30.248849,,-0.23524988881462702,-0.6823729540336034,0.0018912871100000002,-3.20448639786775,-0.9925127250780423,0.5680986026970095,,0.07469494981540997,0.49379768805984137,-0.3016151606003156,0.7881181342091177,-0.6004018557870575,0.1356002142262193,-0.416907136386543,-0.35862175138268765,0.8352118767505562,-0.4528335744627506,-0.7147783229803988,-0.5329481239638781,,0.025189199856341556,0.2852619360563835,-0.09239698204222078,-0.9796305944643483,-0.13560021422427831,0.14810968997040486,0.19343961064115872,-0.835211876738601,0.5147836807447891,0.05389819473596979,0.5329481239562496,0.8444295599676089,,-0.009084490935341787,0.632707139023764,1.166697337397314,0.9982009152604525,-0.03986583265566421,-0.0447844633758785,0.002457458368363665,-0.7191031012166331,0.6948990507397378,-0.05990737576928725,-0.6937589244163217,-0.7177114051770015,,0.15074836819766263,0.6702971447214574,-0.38687168972668706,0.9761816402683998,-0.2165791124587687,0.012762963976611759,-0.17756223457201964,-0.7637493267696935,0.6206114877382072,-0.12466378005133386,-0.6080957604731445,-0.7840143417297294,,0.0,0.0,0.045,1.0,0.0,0.0,0.0,1.0,0.0,0.0,0.0,1.0,,-0.007552247689981291,-0.19895363962927348,0.22517962125698898,True,,0.13766648528956107,0.632837641330362,-0.36826067711582255,0.3119022378391512,-0.7346204698695272,-0.6025361062041052,0.8877258711219046,0.45133954651247593,-0.09074905781752457,0.33861448842568065,-0.5065820555473592,0.7929154111414578
17:16:30.316230,,-0.22158837436012385,-0.6783262420075098,0.00786977659,-3.1480834114759144,-0.956026245659036,0.5630391755172498,,0.12772817526486618,0.5898536726368585,-0.3632266775009701,-0.38978053362583953,-0.655252348827887,-0.6470822938095991,0.6494607632324197,0.3025707352920641,-0.6976042339080106,0.6528949782529487,-0.6921671109640768,0.30762450791789187,,0.025189197146362176,0.2852614143700908,-0.09239703978138239,-0.9796303663380864,-0.13560110941148704,0.14811037926510429,0.19344063391570485,-0.835212710114549,0.5147819441130129,0.053898668536146284,0.5329465901578289,0.8444304977560595,,-0.009084490935341787,0.632707139023764,1.166697337397314,0.9982009152604525,-0.03986583265566421,-0.0447844633758785,0.002457458368363665,-0.7191031012166331,0.6948990507397378,-0.05990737576928725,-0.6937589244163217,-0.7177114051770015,,0.15074836819766263,0.6702971447214574,-0.38687168972668706,0.9761816402683998,-0.2165791124587687,0.012762963976611759,-0.17756223457201964,-0.7637493267696935,0.6206114877382072,-0.12466378005133386,-0.6080957604731445,-0.7840143417297294,,0.0,0.0,0.045,1.0,0.0,0.0,0.0,1.0,0.0,0.0,0.0,1.0,,-0.007552247689981291,-0.19895363962927348,0.22517962125698898,False,,0.13573260434577153,0.6270590697450763,-0.36681562621456454,0.27399872423426913,-0.7206389288465807,-0.6368706566869335,0.8886194487887955,0.4429609352214065,-0.11891629451876809,0.36780453280552483,-0.533352738906092,0.7617444988636806
17:16:30.396409,,-0.21239832223979668,-0.6746733893580016,0.01336086103,-3.107196488255067,-0.929063810500138,0.5564694227158928,,0.12784556708169062,0.591036230045769,-0.36020765415722344,-0.44567896289622716,-0.6116745929659433,-0.6536240925422585,0.629073389275577,0.3054752417507316,-0.7148087489550409,0.6368963282490191,-0.7297527451111641,0.24864432039690473,,0.025189652721244155,0.28526196193453257,-0.09239724480838502,-0.9796305452157666,-0.13559877658854266,0.14811133192329962,0.19343926755421906,-0.835211964992141,0.5147836664835018,0.053900321190978,0.5329483514354844,0.8444292806705913,,-0.009084490935341787,0.632707139023764,1.166697337397314,0.9982009152604525,-0.03986583265566421,-0.0447844633758785,0.002457458368363665,-0.7191031012166331,0.6948990507397378,-0.05990737576928725,-0.6937589244163217,-0.7177114051770015,,0.15074836819766263,0.6702971447214574,-0.38687168972668706,0.9761816402683998,-0.2165791124587687,0.012762963976611759,-0.17756223457201964,-0.7637493267696935,0.6206114877382072,-0.12466378005133386,-0.6080957604731445,-0.7840143417297294,,0.0,0.0,0.045,1.0,0.0,0.0,0.0,1.0,0.0,0.0,0.0,1.0,,-0.007552247689981291,-0.19895363962927348,0.22517962125698898,False,,0.1340410208236002,0.6217974125768935,-0.3654455958690876,0.24486828723431892,-0.7118296473417322,-0.6582841902038029,0.888613031323381,0.43635055857317734,-0.1412978081753158,0.3878226430589157,-0.5503605574514054,0.7393895146217422
17:16:30.523451,,-0.20201124652396474,-0.6705340045374173,0.02073545484,-3.0598095926247515,-0.8959308677924375,0.5507675920437157,,0.12765345875412387,0.5787268869402249,-0.38154960192673254,-0.18051186053373205,-0.7444864549304147,-0.6427716442344007,0.7013383819350655,0.3607546080729975,-0.6148012579515458,0.6895940416153225,-0.5617793438524082,0.45701644017409565,,0.025199674513907408,0.28526389695032595,-0.09239620268547616,-0.9796335565223776,-0.13558836188939966,0.14810094711124544,0.19342537418757344,-0.8352096399022737,0.5147926587612655,0.053895445405859006,0.5329546444250624,0.8444256198328189,,-0.009084490935341787,0.632707139023764,1.166697337397314,0.9982009152604525,-0.03986583265566421,-0.0447844633758785,0.002457458368363665,-0.7191031012166331,0.6948990507397378,-0.05990737576928725,-0.6937589244163217,-0.7177114051770015,,0.1508434106384044,0.6703014625515811,-0.38688693769892124,0.9761974239991171,-0.21650751603966378,0.012770468895969292,-0.17751024728435766,-0.7637587240557298,0.6206147948106059,-0.12461421061233098,-0.6081094530815147,-0.7840116016911785,,0.0,0.0,0.045,1.0,0.0,0.0,0.0,1.0,0.0,0.0,0.0,1.0,,-0.007552247689981291,-0.19895363962927348,0.22517962125698898,False,,0.13192358217805272,0.6147168536703298,-0.3635992567340553,0.2087396352188744,-0.6999578871558279,-0.6829983315477723,0.8870979703273576,0.4295080981089465,-0.1690561584205622,0.411685505853405,-0.570597712812788,0.7105865847333743
17:16:30.648304,,-0.1841408426530092,-0.6648269049433654,0.03578149287,-2.977826069653719,-0.8389207437002402,0.5362022431162358,,0.12970399408191818,0.5857991091891928,-0.36862701562886596,-0.32386443987640806,-0.6575609671805898,-0.680239221909519,0.6688196645507146,0.34941473300328474,-0.6561932647250454,0.6691726839118664,-0.6674750323426117,0.3266266987026919,,0.02520923805475673,0.285264762709142,-0.09239501325889973,-0.9796361608141573,-0.1355811752146059,0.14809029894252718,0.19341387041104613,-0.8352088933618264,0.5147981919840963,0.053889390849032354,0.5329576424678624,0.8444241139245021,,-0.009084490935341787,0.632707139023764,1.166697337397314,0.9982009152604525,-0.03986583265566421,-0.0447844633758785,0.002457458368363665,-0.7191031012166331,0.6948990507397378,-0.05990737576928725,-0.6937589244163217,-0.7177114051770015,,0.1508434106384044,0.6703014625515811,-0.38688693769892124,0.9761974239991171,-0.21650751603966378,0.012770468895969292,-0.17751024728435766,-0.7637587240557298,0.6206147948106059,-0.12461421061233098,-0.6081094530815147,-0.7840116016911785,,0.0,0.0,0.045,1.0,0.0,0.0,0.0,1.0,0.0,0.0,0.0,1.0,,-0.007552247689981291,-0.19895363962927348,0.22517962125698898,False,,0.12819248210922388,0.6015441448121974,-0.3601696412392586,0.14629279687754992,-0.6833347367663979,-0.7152985775954974,0.882331383597953,0.4170934510109635,-0.2180008776172404,0.44731392455396013,-0.5992384255470964,0.663945451259342
17:16:30.744024,,-0.16754468970630074,-0.660031087828472,0.052224931520000004,-2.9023425190921546,-0.7841910245717307,0.5195551661539926,,0.12609073074145485,0.5803248652983123,-0.3819804166073033,-0.24017968234425685,-0.7530951882459002,-0.6125041694795915,0.6898178428024805,0.31152749270885327,-0.6535303857035786,0.6829824770375478,-0.5794810253385417,0.44467592394039945,,0.025218579170089964,0.2852663980489992,-0.09239360587093291,-0.9796391317196986,-0.13557336470086578,0.14807779568850804,0.1934010031658952,-0.835206852510858,0.5148063370648596,0.05388156240038784,0.5329628274949375,0.844421340878297,,-0.009084490935341787,0.632707139023764,1.166697337397314,0.9982009152604525,-0.03986583265566421,-0.0447844633758785,0.002457458368363665,-0.7191031012166331,0.6948990507397378,-0.05990737576928725,-0.6937589244163217,-0.7177114051770015,,0.1508434106384044,0.6703014625515811,-0.38688693769892124,0.9761974239991171,-0.21650751603966378,0.012770468895969292,-0.17751024728435766,-0.7637587240557298,0.6206147948106059,-0.12461421061233098,-0.6081094530815147,-0.7840116016911785,,0.0,0.0,0.045,1.0,0.0,0.0,0.0,1.0,0.0,0.0,0.0,1.0,,-0.007552247689981291,-0.19895363962927348,0.22517962125698898,False,,0.12386345113465047,0.5844112272001655,-0.35565547203427317,0.07405647733318005,-0.6694422737221072,-0.7391635003967495,0.8717535935693298,0.4034192136371973,-0.27802627603754476,0.48431530046443905,-0.6237787910967483,0.6134645136549624
17:16:30.817561,,-0.15533504903215178,-0.6575598133087202,0.06507246171,-2.854955623461839,-0.7506556574586735,0.5119962273359753,,0.13804721927073038,0.5794448106030592,-0.36295137463626403,-0.3487275161543021,-0.6026115433956851,-0.71780808524502,0.6623654808689409,0.3833862835118525,-0.6436512466920475,0.6630694452544985,-0.6999101980834688,0.2654517383417401,,0.025227239672811333,0.2852677336888293,-0.09239183320045041,-0.9796420623889635,-0.1355681582646946,0.1480631741673572,0.19338916206451923,-0.8352050961618341,0.5148136350396916,0.053870781280556446,0.5329669044992534,0.8444194556701085,,-0.009084490935341787,0.632707139023764,1.166697337397314,0.9982009152604525,-0.03986583265566421,-0.0447844633758785,0.002457458368363665,-0.7191031012166331,0.6948990507397378,-0.05990737576928725,-0.6937589244163217,-0.7177114051770015,,0.1508434106384044,0.6703014625515811,-0.38688693769892124,0.9761974239991171,-0.21650751603966378,0.012770468895969292,-0.17751024728435766,-0.7637587240557298,0.6206147948106059,-0.12461421061233098,-0.6081094530815147,-0.7840116016911785,,0.0,0.0,0.045,1.0,0.0,0.0,0.0,1.0,0.0,0.0,0.0,1.0,,-0.007552247689981291,-0.19895363962927348,0.22517962125698898,False,,0.12135865917778534,0.5731515377257614,-0.3526886640856059,0.03363018603758272,-0.6614944637783402,-0.7491956253060239,0.8638410358378319,0.39624152486872277,-0.311080887828763,0.5026407020822126,-0.63672421687911,0.5847517389884231
17:16:30.907785,,-0.1495429993764834,-0.656972885610279,0.07297723813000001,-2.8276976746479408,-0.7304002957223868,0.5028329163128286,,0.13550042067697848,0.5805647182928648,-0.36582716345656535,-0.26189776649132296,-0.6505766058675173,-0.7128531684749375,0.6851239089488985,0.39488929656760113,-0.612101031564992,0.6797166978186121,-0.6487006423260628,0.342304962500276,,0.02523680320871051,0.28526859943812455,-0.09239064377510824,-0.9796446664332098,-0.13556097174026258,0.14805252584863463,0.19337765814055194,-0.8352043495809747,0.5148191679740147,0.053864726875764685,0.5329699028296219,0.84441794972439,,-0.009084490935341787,0.632707139023764,1.166697337397314,0.9982009152604525,-0.03986583265566421,-0.0447844633758785,0.002457458368363665,-0.7191031012166331,0.6948990507397378,-0.05990737576928725,-0.6937589244163217,-0.7177114051770015,,0.1508434106384044,0.6703014625515811,-0.38688693769892124,0.9761974239991171,-0.21650751603966378,0.012770468895969292,-0.17751024728435766,-0.7637587240557298,0.6206147948106059,-0.12461421061233098,-0.6081094530815147,-0.7840116016911785,,0.0,0.0,0.045,1.0,0.0,0.0,0.0,1.0,0.0,0.0,0.0,1.0,,-0.007552247689981291,-0.19895363962927348,0.22517962125698898,False,,0.11961961051929328,0.5654571139520389,-0.35071051549422644,0.006877886337262051,-0.6579210139958555,-0.7530555318316157,0.8589337953726338,0.3895000907004676,-0.3324491156719933,0.5120404572358463,-0.6445382988519714,0.5677895309590628
17:16:31.023659,,-0.142167789481599,-0.6568802128157883,0.0815496039,-2.794149429953912,-0.7063889728694379,0.49472799488991714,,0.12259529926768625,0.5830261027506007,-0.382385020013522,-0.2747318111451257,-0.752637012414344,-0.598381115585151,0.6820333855627938,0.28612604156150523,-0.6730247761547102,0.6777557767534504,-0.5930172138179078,0.4347156440628436,,0.025236572761728884,0.28526780395625023,-0.0923905989832402,-0.9796443489648856,-0.13556303320376567,0.14805273894839044,0.19337936462306304,-0.8352055557169478,0.5148165702246625,0.0538643743071982,0.5329674883785118,0.8444194961346848,,-0.009084490935341787,0.632707139023764,1.166697337397314,0.9982009152604525,-0.03986583265566421,-0.0447844633758785,0.002457458368363665,-0.7191031012166331,0.6948990507397378,-0.05990737576928725,-0.6937589244163217,-0.7177114051770015,,0.1508434106384044,0.6703014625515811,-0.38688693769892124,0.9761974239991171,-0.21650751603966378,0.012770468895969292,-0.17751024728435766,-0.7637587240557298,0.6206147948106059,-0.12461421061233098,-0.6081094530815147,-0.7840116016911785,,0.0,0.0,0.045,1.0,0.0,0.0,0.0,1.0,0.0,0.0,0.0,1.0,,-0.007552247689981291,-0.19895363962927348,0.22517962125698898,False,,0.11783769222541834,0.5568676256098315,-0.34863716262034755,-0.02692391231581648,-0.6528719710688528,-0.756989624987213,0.8501161164884162,0.38344052265473055,-0.3609376041269745,0.5259065424885527,-0.6532469326211476,0.544693265598904
17:16:31.146189,,-0.1323367505327112,-0.6567720945555492,0.08984974877000002,-2.7566173312024675,-0.6794265377105398,0.4847830415300993,,0.12501820508690048,0.5811351809675263,-0.38215506964155727,-0.2605035090895758,-0.7324069181254044,-0.6290612275717399,0.6853577965501396,0.31863261791803177,-0.6547961098743942,0.680016626605523,-0.6017087011841765,0.41895587650646005,,0.025236344988769952,0.2852675301626033,-0.09239049646851391,-0.9796442595439439,-0.13556419956857937,0.1480522626584556,0.19338004779124898,-0.8352059283753762,0.5148157090292022,0.053863547963462224,0.5329666077178911,0.8444201046865426,,-0.009084490935341787,0.632707139023764,1.166697337397314,0.9982009152604525,-0.03986583265566421,-0.0447844633758785,0.002457458368363665,-0.7191031012166331,0.6948990507397378,-0.05990737576928725,-0.6937589244163217,-0.7177114051770015,,0.1508434106384044,0.6703014625515811,-0.38688693769892124,0.9761974239991171,-0.21650751603966378,0.012770468895969292,-0.17751024728435766,-0.7637587240557298,0.6206147948106059,-0.12461421061233098,-0.6081094530815147,-0.7840116016911785,,0.0,0.0,0.045,1.0,0.0,0.0,0.0,1.0,0.0,0.0,0.0,1.0,,-0.007552247689981291,-0.19895363962927348,0.22517962125698898,False,,0.11641024043540354,0.5477598157998365,-0.34651835663455216,-0.06749084115461493,-0.6487096190904175,-0.7580374769493975,0.8384149830976294,0.37497573490038355,-0.39554205130847886,0.5408375934396984,-0.6622454441787298,0.5185804365639651
17:16:31.263199,,-0.12294590735765419,-0.6567952627541719,0.09650230905000001,-2.7071336702787754,-0.6310014675992852,0.46409858806452786,,0.1291853777233327,0.5773645983981185,-0.3818702365464438,-0.21526017749352575,-0.7172503728518457,-0.662732946690705,0.6948644213814854,0.36434485209703404,-0.6200131165133244,0.6861679764340727,-0.5939736790416557,0.41996282778609256,,0.025235996702585344,0.285267138169848,-0.09239078138447746,-0.9796438520831182,-0.1355637891436451,0.14805533079690686,0.19338243742385644,-0.8351948555483432,0.5148327738112689,0.05386236905644278,0.5329840627703742,0.8444091619949584,,-0.009084490935341787,0.632707139023764,1.166697337397314,0.9982009152604525,-0.03986583265566421,-0.0447844633758785,0.002457458368363665,-0.7191031012166331,0.6948990507397378,-0.05990737576928725,-0.6937589244163217,-0.7177114051770015,,0.1508434106384044,0.6703014625515811,-0.38688693769892124,0.9761974239991171,-0.21650751603966378,0.012770468895969292,-0.17751024728435766,-0.7637587240557298,0.6206147948106059,-0.12461421061233098,-0.6081094530815147,-0.7840116016911785,,0.0,0.0,0.045,1.0,0.0,0.0,0.0,1.0,0.0,0.0,0.0,1.0,,-0.007552247689981291,-0.19895363962927348,0.22517962125698898,False,,0.11561866601959844,0.5412820661497114,-0.3452853751078985,-0.11783412481910452,-0.6476105220144177,-0.752805240951688,0.8176091275167909,0.36697447034186353,-0.4436722356859176,0.5635871127246855,-0.6677801658431629,0.48625015833121377
17:16:31.375046,,-0.11600317050372635,-0.6570501129390213,0.09947599831000001,-2.664779011352564,-0.5906248855951642,0.44625323877874756,,0.12581556755466938,0.5805472756472522,-0.3821157514306471,-0.25744057529512493,-0.751680102134801,-0.6072078509425995,0.6862033045039321,0.3002092577048789,-0.6625703181370034,0.6803303426127628,-0.5872405177122068,0.4385193260022869,,0.02523633173347061,0.28526756755319327,-0.0923913738522826,-0.9796437131638938,-0.13555987953645374,0.14805982774047632,0.19338277760141523,-0.8351826645338807,0.5148524220213668,0.05386366918098818,0.5330041596405868,0.8443963934197088,,-0.009084490935341787,0.632707139023764,1.166697337397314,0.9982009152604525,-0.03986583265566421,-0.0447844633758785,0.002457458368363665,-0.7191031012166331,0.6948990507397378,-0.05990737576928725,-0.6937589244163217,-0.7177114051770015,,0.1508434106384044,0.6703014625515811,-0.38688693769892124,0.9761974239991171,-0.21650751603966378,0.012770468895969292,-0.17751024728435766,-0.7637587240557298,0.6206147948106059,-0.12461421061233098,-0.6081094530815147,-0.7840116016911785,,0.0,0.0,0.045,1.0,0.0,0.0,0.0,1.0,0.0,0.0,0.0,1.0,,-0.007552247689981291,-0.19895363962927348,0.22517962125698898,False,,0.11547677215352344,0.5375376271793204,-0.3448523734399541,-0.17024427966912598,-0.6454649690499943,-0.7445749518814279,0.7947874102938026,0.3567326398017599,-0.4909733150982226,0.5825202637491774,-0.6753641961411324,0.452275739889098
17:16:31.485073,,-0.10918399737578612,-0.6585174321851239,0.10005284736000002,-2.6274565891304573,-0.5534676988338968,0.4286618461210413,,0.13435876466910507,0.5718388019833079,-0.3821591323043022,-0.18024299663669466,-0.7157747335446645,-0.6746695435414951,0.7010504906297667,0.3876416050316617,-0.5985500778015497,0.689957007175946,-0.580861874172804,0.4319245436199127,,0.025235988793272643,0.2852682189258497,-0.09239154333801725,-0.9796437623258804,-0.13555767884219153,0.14806151699730696,0.19338312058894672,-0.8351699242252446,0.5148729595866467,0.053861542680352724,0.5330246819324121,0.8443835744752357,,-0.009084490935341787,0.632707139023764,1.166697337397314,0.9982009152604525,-0.03986583265566421,-0.0447844633758785,0.002457458368363665,-0.7191031012166331,0.6948990507397378,-0.05990737576928725,-0.6937589244163217,-0.7177114051770015,,0.1508434106384044,0.6703014625515811,-0.38688693769892124,0.9761974239991171,-0.21650751603966378,0.012770468895969292,-0.17751024728435766,-0.7637587240557298,0.6206147948106059,-0.12461421061233098,-0.6081094530815147,-0.7840116016911785,,0.0,0.0,0.045,1.0,0.0,0.0,0.0,1.0,0.0,0.0,0.0,1.0,,-0.007552247689981291,-0.19895363962927348,0.22517962125698898,False,,0.11597539501065773,0.5364411798610014,-0.3452477514714849,-0.21347918259142046,-0.645821329817156,-0.7330357757662985,0.7727605430199134,0.3474433989783897,-0.5311536761219975,0.597718814955383,-0.6798513767431404,0.4248933087126567
17:16:31.676247,,-0.10247294250808502,-0.661961771047028,0.09824452281000001,-2.592440608731065,-0.5191274829101262,0.41125822469087436,,0.13864890860041523,0.569353659211633,-0.3827056146203826,-0.15763302063096038,-0.6948612095427246,-0.7016549937680063,0.7045139170029358,0.4187566404852467,-0.5729773266008794,0.691962406172431,-0.5846458547893174,0.4235295183593801,,0.0252363264891554,0.28526916998587604,-0.09239207810357201,-0.9796438520453299,-0.13555287394458204,0.14806532428493352,0.19338243739635597,-0.8351568991261518,0.5148943440057249,0.05386236902404806,0.5330463121979229,0.8443698674134235,,-0.009084490935341787,0.632707139023764,1.166697337397314,0.9982009152604525,-0.03986583265566421,-0.0447844633758785,0.002457458368363665,-0.7191031012166331,0.6948990507397378,-0.05990737576928725,-0.6937589244163217,-0.7177114051770015,,0.15088565264351783,0.6702965332723854,-0.38689064635854553,0.9762193597536646,-0.2164083948632542,0.01277373378677231,-0.17743282585267844,-0.7637672404541342,0.6206264534476515,-0.12455261519566159,-0.6081340387133307,-0.7840023195157875,,0.0,0.0,0.045,1.0,0.0,0.0,0.0,1.0,0.0,0.0,0.0,1.0,,-0.007552247689981291,-0.19895363962927348,0.22517962125698898,True,,0.11699833640146745,0.5375482020331801,-0.3465058069242104,-0.25428328024163827,-0.6465859563135123,-0.719212496059192,0.7495626081041742,0.33816759483247466,-0.5690330169131554,0.6111431173805532,-0.6837903764337139,0.39866629049246094
17:16:31.748939,,-0.09028647003255874,-0.6718005327287901,0.08930919584000001,-2.5341505335751897,-0.46748301755601807,0.3848092830732114,,0.1311350023824298,0.5811902378298949,-0.3752734764359526,-0.34612315947346006,-0.678029808866536,-0.6484399253319613,0.6631319834406724,0.3121153820184641,-0.6803234237078042,0.6636676359550387,-0.6654769467050515,0.3415928898410693,,0.025231382420819865,0.28527140261903117,-0.09239449962740531,-0.9796409941583339,-0.135554667891723,0.1480825918568483,0.19339426016480998,-0.8351444967630114,0.5149100203876095,0.053871904863138254,0.5330652877209575,0.8443572800226192,,-0.009084490935341787,0.632707139023764,1.166697337397314,0.9982009152604525,-0.03986583265566421,-0.0447844633758785,0.002457458368363665,-0.7191031012166331,0.6948990507397378,-0.05990737576928725,-0.6937589244163217,-0.7177114051770015,,0.15088565264351783,0.6702965332723854,-0.38689064635854553,0.9762193597536646,-0.2164083948632542,0.01277373378677231,-0.17743282585267844,-0.7637672404541342,0.6206264534476515,-0.12455261519566159,-0.6081340387133307,-0.7840023195157875,,0.0,0.0,0.045,1.0,0.0,0.0,0.0,1.0,0.0,0.0,0.0,1.0,,-0.007552247689981291,-0.19895363962927348,0.22517962125698898,False,,0.1199014466553111,0.5449397413640251,-0.3505229395039964,-0.3201619433383493,-0.6450525764549938,-0.6938324752031906,0.708700882835643,0.3229397600818207,-0.6272582961000007,0.6286806730811692,-0.6925439227710185,0.35375630924004425
