System Time,q_des,q0,q1,q2,q3,q4,q5,T_des,Tx,Ty,Tz,R00,R01,R02,R10,R11,R12,R20,R21,R22,T_target,Tx,Ty,Tz,R00,R01,R02,R10,R11,R12,R20,R21,R22,worldFrame,Tx,Ty,Tz,R00,R01,R02,R10,R11,R12,R20,R21,R22,ECM_T_PSM_RCM,Tx,Ty,Tz,R00,R01,R02,R10,R11,R12,R20,R21,R22,psm3_T_cam,Tx,Ty,Tz,R00,R01,R02,R10,R11,R12,R20,R21,R22,offset,x,y,z,IK Trigered,ECM_T_PSM3,Tx,Ty,Tz,R00,R01,R02,R10,R11,R12,R20,R21,R22,solverSuccess,q_solverOutput,q0,q1,q2,q3,q4,q5
12:35:42.812445,,0.025230168300091473,-0.1522768468139589,0.055319175750000005,-2.2991031441876517,0.37264499936029216,1.5057697212477061,,0.12437442509473347,0.5467707991615344,-0.3998991131389688,-0.6372065795525758,-0.5453646373577511,-0.5445596269413983,0.5714849581662067,0.13971248364927735,-0.8086317854884999,0.5170809584239934,-0.8264731297702296,0.2226419731387716,,0.018992080613618643,0.27213038529061667,-0.10493381692524542,-0.9301398175654344,0.053830891232288805,0.3632384271088045,0.10736131955351581,-0.906105998025924,0.4092010110021388,0.3511601726321888,0.41961191056806546,0.8370259121833383,,0.08400401984927423,0.786327984879011,1.1383039398366057,0.9955170575960887,-0.04257301045794665,-0.08445902447799007,0.01842821369645415,-0.788549650781644,0.614694923675237,-0.09276954767154995,-0.6134957106880987,-0.7842300835801449,,0.13487936517240912,0.611799267186288,-0.4619595192512418,0.9968527724652212,-0.07084992053699661,-0.035564572095041797,-0.03441957004185853,-0.790944188661,0.6109194575568259,-0.07141318664319465,-0.6077726377382368,-0.7908935311343561,,0.0,0.0,0.045,1.0,0.0,0.0,0.0,1.0,0.0,0.0,0.0,1.0,,-0.019150839222606658,-0.1589250388481224,0.2593265970793276,False,,0.14251792340559744,0.537156573424725,-0.39500807178406305,-0.6249964172036264,-0.3434789803263123,-0.7010004768590589,0.17656970003632222,0.8125206963784186,-0.5555477108096237,0.7603963568506323,-0.4709907727660139,-0.4471745436153083,False,,0.0,0.0,0.0,0.0,0.0,0.0
12:35:44.690807,,-0.142546203392436,-0.15840869671609314,0.044785523210000004,-2.3940866119776203,0.034071932986866164,0.6705155602036987,,0.12440650577482452,0.5479112549470754,-0.39965973733384264,-0.6267036645529175,-0.5438219522085485,-0.5581220306814876,0.5791966222715922,0.1540747770927825,-0.8004949942460529,0.5213192779718806,-0.8249355413363475,0.218420610417114,,0.018996825703056802,0.27213211378676966,-0.1049326687485064,-0.9301272398519554,0.053696688703039924,0.36329045930531545,0.1075564001037306,-0.9060409339295116,0.4092938081078433,0.35113375371311784,0.4197695393677615,0.8369579411994776,,0.08400401984927423,0.786327984879011,1.1383039398366057,0.9955170575960887,-0.04257301045794665,-0.08445902447799007,0.01842821369645415,-0.788549650781644,0.614694923675237,-0.09276954767154995,-0.6134957106880987,-0.7842300835801449,,0.13486518876203468,0.6117950687895055,-0.4619711146891967,0.9968511175274596,-0.0708895451629217,-0.03553198377305804,-0.03447108938367495,-0.7909437372191833,0.6109171372211242,-0.07141143802611363,-0.6077686047669337,-0.7908967881959675,,0.0,0.0,0.045,1.0,0.0,0.0,0.0,1.0,0.0,0.0,0.0,1.0,,-0.019150839222606658,-0.1589250388481224,0.2593265970793276,False,,0.12465212051258616,0.5465639816401446,-0.3998473485549217,-0.6389089513907886,-0.5394280232843569,-0.5484640002117317,0.5607451545266391,0.16152599365564485,-0.8120801838786934,0.5266500009566303,-0.8263938292782008,0.19928124704370284,False,,0.0,0.0,0.0,0.0,0.0,0.0
12:35:44.735015,,-0.14255392612531023,-0.15841641944896737,0.044785523210000004,-2.3940866119776203,0.034071932986866164,0.6705155602036987,,0.12440700646857775,0.5479131764052294,-0.3996611629550286,-0.6266999011613097,-0.543830812863775,-0.5581176227860308,0.5791989925815002,0.15406685907024234,-0.8004948031866321,0.521321168644608,-0.8249311788968554,0.2184325735939225,,0.018998423809042864,0.2721334646510523,-0.10493232946968173,-0.9301232079573822,0.05365392419519052,0.36330710374027414,0.10762052863096944,-0.906017878939784,0.40932798835318707,0.35112478839706013,0.4198247689816942,0.8369340018861751,,0.08400401984927423,0.786327984879011,1.1383039398366057,0.9955170575960887,-0.04257301045794665,-0.08445902447799007,0.01842821369645415,-0.788549650781644,0.614694923675237,-0.09276954767154995,-0.6134957106880987,-0.7842300835801449,,0.13486518876203468,0.6117950687895055,-0.4619711146891967,0.9968511175274596,-0.0708895451629217,-0.03553198377305804,-0.03447108938367495,-0.7909437372191833,0.6109171372211242,-0.07141143802611363,-0.6077686047669337,-0.7908967881959675,,0.0,0.0,0.045,1.0,0.0,0.0,0.0,1.0,0.0,0.0,0.0,1.0,,-0.019150839222606658,-0.1589250388481224,0.2593265970793276,False,,0.12465154853114403,0.5465645143462509,-0.39984877601306346,-0.6389102082494389,-0.5394214985330062,-0.5484689532827401,0.5607442013780218,0.16153422995993888,-0.8120792037555046,0.5266494910427458,-0.8263964783756376,0.19927160889790901,False,,0.0,0.0,0.0,0.0,0.0,0.0
12:35:44.779025,,-0.14263115345405247,-0.15824651932573444,0.044759597410000004,-2.3970220833883475,0.034071932986866164,0.6707222051358495,,0.12439368897930968,0.5479313831619782,-0.39972418015280364,-0.6258570634776088,-0.5438298588712348,-0.5590635211630935,0.5797793842079626,0.15505989717479884,-0.7998826751065288,0.5216884144224597,-0.8247457262018602,0.21825600878130816,,0.01899896872698073,0.27213386504870835,-0.1049319933924634,-0.9301216057471894,0.05363120511406456,0.36331456493800385,0.1076529944892354,-0.906006819178482,0.4093439349928101,0.35111908526250535,0.41985154301956595,0.8369229657049202,,0.08400401984927423,0.786327984879011,1.1383039398366057,0.9955170575960887,-0.04257301045794665,-0.08445902447799007,0.01842821369645415,-0.788549650781644,0.614694923675237,-0.09276954767154995,-0.6134957106880987,-0.7842300835801449,,0.13486518876203468,0.6117950687895055,-0.4619711146891967,0.9968511175274596,-0.0708895451629217,-0.03553198377305804,-0.03447108938367495,-0.7909437372191833,0.6109171372211242,-0.07141143802611363,-0.6077686047669337,-0.7908967881959675,,0.0,0.0,0.045,1.0,0.0,0.0,0.0,1.0,0.0,0.0,0.0,1.0,,-0.019150839222606658,-0.1589250388481224,0.2593265970793276,False,,0.12464770118525234,0.5465940662864599,-0.39985622385327035,-0.6366587472857971,-0.5406767507306929,-0.5498493345670067,0.5619770766070695,0.1629588225138774,-0.8109415438445996,0.5280600390795082,-0.8252957490404219,0.20009877996419023,False,,0.0,0.0,0.0,0.0,0.0,0.0
12:35:44.887307,,-0.1430559037621348,-0.15651662716190815,0.04453015408,-2.402473673151128,0.034071932986866164,0.6734774708978581,,0.1386028886196715,0.5070272765536179,-0.4429889250438411,-0.1417844704074125,-0.7365934499952334,-0.6613072306994756,0.7721535237239419,0.33573160046583034,-0.539502760186963,0.6194159343704272,-0.5871238215851677,0.521161700794714,,0.018998051746372358,0.2721332570831041,-0.10493099894148443,-0.9301294490461648,0.05367886661619703,0.36328743997055757,0.10759146114166515,-0.9060161225781115,0.40933951661476453,0.3511171631392611,0.41982537042418966,0.8369368989605563,,0.08400401984927423,0.786327984879011,1.1383039398366057,0.9955170575960887,-0.04257301045794665,-0.08445902447799007,0.01842821369645415,-0.788549650781644,0.614694923675237,-0.09276954767154995,-0.6134957106880987,-0.7842300835801449,,0.13486518876203468,0.6117950687895055,-0.4619711146891967,0.9968511175274596,-0.0708895451629217,-0.03553198377305804,-0.03447108938367495,-0.7909437372191833,0.6109171372211242,-0.07141143802611363,-0.6077686047669337,-0.7908967881959675,,0.0,0.0,0.045,1.0,0.0,0.0,0.0,1.0,0.0,0.0,0.0,1.0,,-0.019150839222606658,-0.1589250388481224,0.2593265970793276,False,,0.12464687738629619,0.5467991637470453,-0.3998965407881077,-0.6335199773849709,-0.5413365707704704,-0.5528174702382457,0.5642812807319005,0.16558772250041026,-0.8088061216216734,0.5293761181520301,-0.8243393859955951,0.20056296324768746,False,,0.0,0.0,0.0,0.0,0.0,0.0
12:35:44.997894,,-0.144059859035784,-0.15024576806803783,0.04432793284000001,-2.404780114973842,0.034071932986866164,0.6751995119991138,,0.13765716814141862,0.4982312915883434,-0.4521082298062483,0.02117505255691352,-0.7360951841646284,-0.6765467441343972,0.7880456530044417,0.42872247514706785,-0.4417930376144182,0.6152525220834245,-0.5237947299786565,0.5891548310220087,,0.01899871586834964,0.2721335650226737,-0.1049297729069231,-0.9301333183033309,0.05368766203193758,0.36327623653493113,0.10758794049511186,-0.906005210716828,0.4093645955836685,0.35110799498937506,0.41984779623442664,0.8369294968843197,,0.08400401984927423,0.786327984879011,1.1383039398366057,0.9955170575960887,-0.04257301045794665,-0.08445902447799007,0.01842821369645415,-0.788549650781644,0.614694923675237,-0.09276954767154995,-0.6134957106880987,-0.7842300835801449,,0.13496104971220796,0.6118054067411416,-0.4619793725609127,0.996860426798291,-0.07074200214526077,-0.03556485085036658,-0.03433349123060646,-0.7909455148711337,0.6109225841996307,-0.07134774602919682,-0.60778348253117,-0.7908911034389223,,0.0,0.0,0.045,1.0,0.0,0.0,0.0,1.0,0.0,0.0,0.0,1.0,,-0.019150839222606658,-0.1589250388481224,0.2593265970793276,False,,0.12461314766466484,0.5473875233431831,-0.39965909213834366,-0.6301331266794645,-0.5415933554776354,-0.5564250892650665,0.5696518390946409,0.1645241132260803,-0.8052506432057444,0.527663742242401,-0.8243836809821307,0.20484755710795646,False,,0.0,0.0,0.0,0.0,0.0,0.0
12:35:45.025384,,-0.14006720613980994,-0.1570726639288523,0.04433052542,-2.4259574444369476,0.005231517269636931,0.6704600927064939,,0.12501579272086952,0.5471753904737928,-0.40015651029312854,-0.6084146750522986,-0.5503334254589587,-0.5718082755641212,0.5918671234540108,0.16534620846053777,-0.7888941244058032,0.5287011361395776,-0.8184092815763594,0.22512520177533824,,0.019000607113333505,0.27213495615746874,-0.10492922111067182,-0.9301407191839764,0.05374800202899771,0.3632483641503021,0.10750938544130073,-0.9060211714963734,0.4093499091320742,0.3511124518185213,0.4198056316228909,0.8369487780621683,,0.08400401984927423,0.786327984879011,1.1383039398366057,0.9955170575960887,-0.04257301045794665,-0.08445902447799007,0.01842821369645415,-0.788549650781644,0.614694923675237,-0.09276954767154995,-0.6134957106880987,-0.7842300835801449,,0.13496104971220796,0.6118054067411416,-0.4619793725609127,0.996860426798291,-0.07074200214526077,-0.03556485085036658,-0.03433349123060646,-0.7909455148711337,0.6109225841996307,-0.07134774602919682,-0.60778348253117,-0.7908911034389223,,0.0,0.0,0.045,1.0,0.0,0.0,0.0,1.0,0.0,0.0,0.0,1.0,,-0.019150839222606658,-0.1589250388481224,0.2593265970793276,False,,0.12460431222643552,0.5472244729650748,-0.39979730145218323,-0.612918169614874,-0.5449507556442292,-0.5721538178486067,0.5900368962035938,0.1659518023661979,-0.7901369883822933,0.5255357061840638,-0.8218811794987122,0.21982617749354477,False,,0.0,0.0,0.0,0.0,0.0,0.0
12:35:45.130493,,-0.13784305907203329,-0.16162135359177054,0.04434478461000001,-2.4318283872584026,-0.007646063701777053,0.6683073635924787,,0.13400817945530757,0.5001003185372207,-0.4546278158638839,-0.013602842856096833,-0.7674160373667153,-0.64100513902667,0.7861925480730872,0.3878980946837365,-0.4810783153448857,0.617831886535956,-0.5104974963044334,0.5980602530233273,,0.019002295107406163,0.27213612723418296,-0.10492853610564822,-0.9301484489898667,0.05380727381736217,0.3632198045284594,0.10743115141140855,-0.9060375042863663,0.40933430690397204,0.35111593074619657,0.41976279538148636,0.8369688077015511,,0.08400401984927423,0.786327984879011,1.1383039398366057,0.9955170575960887,-0.04257301045794665,-0.08445902447799007,0.01842821369645415,-0.788549650781644,0.614694923675237,-0.09276954767154995,-0.6134957106880987,-0.7842300835801449,,0.13496104971220796,0.6118054067411416,-0.4619793725609127,0.996860426798291,-0.07074200214526077,-0.03556485085036658,-0.03433349123060646,-0.7909455148711337,0.6109225841996307,-0.07134774602919682,-0.60778348253117,-0.7908911034389223,,0.0,0.0,0.045,1.0,0.0,0.0,0.0,1.0,0.0,0.0,0.0,1.0,,-0.019150839222606658,-0.1589250388481224,0.2593265970793276,False,,0.1247292419825797,0.5469066099276294,-0.40008175834319076,-0.6053479911342214,-0.5459104865737213,-0.5792543053604399,0.601007763339552,0.16364868652510417,-0.7823098975496844,0.5218653830590337,-0.8217060593956037,0.229032036879553,False,,0.0,0.0,0.0,0.0,0.0,0.0
12:35:45.236653,,-0.11808830837976697,-0.21503177414990723,0.044619598090000004,-2.471457251303224,-0.07350952471182148,0.6500946142387547,,0.13361061650550288,0.5000958323552753,-0.45481668204139586,-0.020008264800865563,-0.770654614008387,-0.6369388787373889,0.7858177067023193,0.38174980519263135,-0.48657745330881874,0.618134452342503,-0.5102534195308953,0.5979558902496589,,0.01900418650678261,0.2721375182840055,-0.10492798417576099,-0.9301558455207581,0.053867616608957,0.36319193666967886,0.10735259562393215,-0.9060534590326181,0.40931961781139975,0.3511203827660908,0.4197206323178982,0.836988092836628,,0.08400401984927423,0.786327984879011,1.1383039398366057,0.9955170575960887,-0.04257301045794665,-0.08445902447799007,0.01842821369645415,-0.788549650781644,0.614694923675237,-0.09276954767154995,-0.6134957106880987,-0.7842300835801449,,0.13496104971220796,0.6118054067411416,-0.4619793725609127,0.996860426798291,-0.07074200214526077,-0.03556485085036658,-0.03433349123060646,-0.7909455148711337,0.6109225841996307,-0.07134774602919682,-0.60778348253117,-0.7908911034389223,,0.0,0.0,0.045,1.0,0.0,0.0,0.0,1.0,0.0,0.0,0.0,1.0,,-0.019150839222606658,-0.1589250388481224,0.2593265970793276,False,,0.12567457660318215,0.5441602085356847,-0.4026078661983029,-0.5720213479795129,-0.5611907276733326,-0.5982111204492748,0.6239345889706911,0.17572023335819742,-0.7614643972468547,0.5324445568711131,-0.8088185005067678,0.249630581252193,False,,0.0,0.0,0.0,0.0,0.0,0.0
12:35:45.342021,,-0.09938384935839521,-0.30273885140247503,0.04511089200000001,-2.51066676228937,-0.1433972297754328,0.6303395062807671,,0.13507863290366057,0.49749379301496277,-0.4549478318542514,-0.003053826430735696,-0.7623194325760613,-0.6471937552704311,0.7868818969802487,0.3975525735086822,-0.47198393140168377,0.6170960657376583,-0.5107064068655647,0.5986413046537701,,0.01900751524697742,0.2721395128575001,-0.1049283323271328,-0.9301540169739698,0.05386655151860328,0.36319677764100994,0.10735527068910494,-0.9060539250918672,0.40931788457752694,0.351124408887489,0.41971976294576163,0.83698683981906,,0.08400401984927423,0.786327984879011,1.1383039398366057,0.9955170575960887,-0.04257301045794665,-0.08445902447799007,0.01842821369645415,-0.788549650781644,0.614694923675237,-0.09276954767154995,-0.6134957106880987,-0.7842300835801449,,0.13496104971220796,0.6118054067411416,-0.4619793725609127,0.996860426798291,-0.07074200214526077,-0.03556485085036658,-0.03433349123060646,-0.7909455148711337,0.6109225841996307,-0.07134774602919682,-0.60778348253117,-0.7908911034389223,,0.0,0.0,0.045,1.0,0.0,0.0,0.0,1.0,0.0,0.0,0.0,1.0,,-0.019150839222606658,-0.1589250388481224,0.2593265970793276,False,,0.12660395590609086,0.5387225651810073,-0.4085251900200711,-0.5306065686803463,-0.5786728421639991,-0.6193499907282703,0.6308926002395094,0.21835578299822356,-0.7445100932789719,0.5660664238729406,-0.7857852720515144,0.24921940131263487,False,,0.0,0.0,0.0,0.0,0.0,0.0
12:35:45.437592,,-0.08217760051462301,-0.4113822574770654,0.046031257900000004,-2.5586826875076984,-0.22938191105331157,0.6102699036499932,,0.13301634293302209,0.49983604225802925,-0.4547820775377951,-0.02422066714604091,-0.7684554866697029,-0.6394446999469392,0.7855759071560586,0.38096490528126886,-0.48758202903713505,0.6182910749630274,-0.5141419122686504,0.5944528918844617,,0.019010843987812304,0.27214150742803156,-0.10492868048213254,-0.9301521884076982,0.053865486426827716,0.36320161860933814,0.10735794574262798,-0.9060543911587343,0.4093161513255617,0.35112843501255325,0.419718893572887,0.8369855867884815,,0.08400401984927423,0.786327984879011,1.1383039398366057,0.9955170575960887,-0.04257301045794665,-0.08445902447799007,0.01842821369645415,-0.788549650781644,0.614694923675237,-0.09276954767154995,-0.6134957106880987,-0.7842300835801449,,0.13496104971220796,0.6118054067411416,-0.4619793725609127,0.996860426798291,-0.07074200214526077,-0.03556485085036658,-0.03433349123060646,-0.7909455148711337,0.6109225841996307,-0.07134774602919682,-0.60778348253117,-0.7908911034389223,,0.0,0.0,0.045,1.0,0.0,0.0,0.0,1.0,0.0,0.0,0.0,1.0,,-0.019150839222606658,-0.1589250388481224,0.2593265970793276,False,,0.12707702321929662,0.5334193154215415,-0.41512853887501544,-0.48685531941710203,-0.5933106474450988,-0.6410572311296003,0.6346655469714787,0.26396612337313935,-0.7263067734771242,0.6001429341770723,-0.7604632544308993,0.2480405152746218,False,,0.0,0.0,0.0,0.0,0.0,0.0
12:35:45.500047,,-0.06576679315689593,-0.48405317382351803,0.047181067130000004,-2.597472845435169,-0.30812295303477,0.5963104180789246,,0.13396385606899833,0.5307779090782747,-0.4203040966545949,-0.4294119095033476,-0.663856690521206,-0.6122905408602363,0.6877458621784869,0.19903940790621488,-0.6981324682012096,0.5853298566048534,-0.7208866821842218,0.37109479977004045,,0.019011487483322275,0.27214216059854957,-0.10492910019893012,-0.9301444807280974,0.053802161829885245,0.3632307231456599,0.10743938502186233,-0.9060387677040075,0.4093293488707567,0.35112392313912794,0.419760723130767,0.8369664938332677,,0.08400401984927423,0.786327984879011,1.1383039398366057,0.9955170575960887,-0.04257301045794665,-0.08445902447799007,0.01842821369645415,-0.788549650781644,0.614694923675237,-0.09276954767154995,-0.6134957106880987,-0.7842300835801449,,0.13496104971220796,0.6118054067411416,-0.4619793725609127,0.996860426798291,-0.07074200214526077,-0.03556485085036658,-0.03433349123060646,-0.7909455148711337,0.6109225841996307,-0.07134774602919682,-0.60778348253117,-0.7908911034389223,,0.0,0.0,0.045,1.0,0.0,0.0,0.0,1.0,0.0,0.0,0.0,1.0,,-0.019150839222606658,-0.1589250388481224,0.2593265970793276,False,,0.12782134701816147,0.5292544710736552,-0.4205370370092367,-0.4340443781256064,-0.6139971547636536,-0.6592518272706526,0.6517470411044279,0.291194183236125,-0.7003083192859199,0.6219576128878715,-0.7336303167069806,0.27377963068723093,False,,0.0,0.0,0.0,0.0,0.0,0.0
12:35:45.560964,,-0.05210527870239277,-0.5319032267122131,0.04827643218,-2.6280856187184702,-0.3660720674061329,0.5888273496754638,,0.13513701977062664,0.5275986858497389,-0.42354163051570176,-0.3956151544792057,-0.6801517559323779,-0.6171565753101047,0.701644911415017,0.20976436756570768,-0.6809503127139096,0.5926070096040098,-0.7024190337696304,0.39423905586120145,,0.01901271180871296,0.2721420791903266,-0.10492984100070091,-0.9301354863870123,0.05373850601755181,0.363263167348856,0.1075214752908698,-0.9060244671906039,0.4093394386337364,0.35112261125224664,0.41979973396931675,0.8369474738861572,,0.08400401984927423,0.786327984879011,1.1383039398366057,0.9955170575960887,-0.04257301045794665,-0.08445902447799007,0.01842821369645415,-0.788549650781644,0.614694923675237,-0.09276954767154995,-0.6134957106880987,-0.7842300835801449,,0.13496104971220796,0.6118054067411416,-0.4619793725609127,0.996860426798291,-0.07074200214526077,-0.03556485085036658,-0.03433349123060646,-0.7909455148711337,0.6109225841996307,-0.07134774602919682,-0.60778348253117,-0.7908911034389223,,0.0,0.0,0.045,1.0,0.0,0.0,0.0,1.0,0.0,0.0,0.0,1.0,,-0.019150839222606658,-0.1589250388481224,0.2593265970793276,False,,0.12840048230003268,0.5270503676039198,-0.42323664817648754,-0.4021959131912524,-0.6276548871045321,-0.666549165557989,0.6628930393502669,0.3025332024191086,-0.6848696808992234,0.631515055872162,-0.7173025889593845,0.29439043815814453,False,,0.0,0.0,0.0,0.0,0.0,0.0
12:35:45.655708,,-0.042374635280869884,-0.5680301710978354,0.049151427930000005,-2.642762975772108,-0.4009488492037125,0.5783303102739373,,0.13239257350353084,0.5009539160382561,-0.4547548686948112,-0.035314503702814144,-0.7501898202875603,-0.6602788194127855,0.784687295002145,0.38833260928214847,-0.4831807463365392,0.6188850740569211,-0.5351756890078588,0.574950647451173,,0.019013752363619955,0.27214270742578606,-0.10493050075729833,-0.9301270146169934,0.05367614286232465,0.3632940781104669,0.1076028096166362,-0.9060089045413053,0.4093525119960805,0.35112013736799064,0.4198412978761363,0.8369276626778422,,0.08400401984927423,0.786327984879011,1.1383039398366057,0.9955170575960887,-0.04257301045794665,-0.08445902447799007,0.01842821369645415,-0.788549650781644,0.614694923675237,-0.09276954767154995,-0.6134957106880987,-0.7842300835801449,,0.13496104971220796,0.6118054067411416,-0.4619793725609127,0.996860426798291,-0.07074200214526077,-0.03556485085036658,-0.03433349123060646,-0.7909455148711337,0.6109225841996307,-0.07134774602919682,-0.60778348253117,-0.7908911034389223,,0.0,0.0,0.045,1.0,0.0,0.0,0.0,1.0,0.0,0.0,0.0,1.0,,-0.019150839222606658,-0.1589250388481224,0.2593265970793276,False,,0.12889773038189176,0.5250288804016292,-0.4258371988728612,-0.37968600329022006,-0.6406468301503747,-0.6673905737450719,0.6679025984772726,0.3093359898220434,-0.6769175461960815,0.6401130039710227,-0.7027680160757843,0.31043913691430725,False,,0.0,0.0,0.0,0.0,0.0,0.0
12:35:45.723849,,-0.034157647502695,-0.6099182742076291,0.04971401779,-2.6572306562964076,-0.42965512345248946,0.5771736352197675,,0.13144335695253148,0.500938474180384,-0.45460700220846717,-0.004380055122362954,-0.7671462112994204,-0.6414573295286835,0.7868709091281684,0.39320820277798013,-0.4756274609775183,0.6171020883816022,-0.5068273865499533,0.6019227631166723,,0.019015189915599116,0.2721433107840501,-0.10493140064827264,-0.9301177811342658,0.0536147403577147,0.3633267932441128,0.10768403929367955,-0.9059934057730368,0.40936546292033016,0.3511197043090472,0.4198825956942652,0.8369071304116,,0.08400401984927423,0.786327984879011,1.1383039398366057,0.9955170575960887,-0.04257301045794665,-0.08445902447799007,0.01842821369645415,-0.788549650781644,0.614694923675237,-0.09276954767154995,-0.6134957106880987,-0.7842300835801449,,0.13496104971220796,0.6118054067411416,-0.4619793725609127,0.996860426798291,-0.07074200214526077,-0.03556485085036658,-0.03433349123060646,-0.7909455148711337,0.6109225841996307,-0.07134774602919682,-0.60778348253117,-0.7908911034389223,,0.0,0.0,0.045,1.0,0.0,0.0,0.0,1.0,0.0,0.0,0.0,1.0,,-0.019150839222606658,-0.1589250388481224,0.2593265970793276,False,,0.129311634895513,0.5229554053489911,-0.4295461670247958,-0.3584658548533555,-0.6494764132906745,-0.6705837900541095,0.6609785812351707,0.3306888155032069,-0.6736113289200433,0.6592492290875992,-0.6847081830094971,0.3107493492627768,False,,0.0,0.0,0.0,0.0,0.0,0.0
12:35:45.805824,,-0.02627273723811178,-0.6227611789774644,0.050229941210000004,-2.6761015439367988,-0.47056827133041934,0.5734554349264743,,0.13416861682995854,0.4968552983637392,-0.4548638905608002,-0.002474264868399868,-0.7579580114154585,-0.6522986516500586,0.7870756292916139,0.4008978141827738,-0.4688207507765461,0.6168515476097721,-0.5145683584467644,0.5955783514339916,,0.019015823932485545,0.27214349889726835,-0.1049317939640215,-0.9301099665834983,0.053550240587447895,0.3633563289006111,0.10776601563927499,-0.9059785867372195,0.40937670452032904,0.35111527436489876,0.4199228167934147,0.836888816988855,,0.08400401984927423,0.786327984879011,1.1383039398366057,0.9955170575960887,-0.04257301045794665,-0.08445902447799007,0.01842821369645415,-0.788549650781644,0.614694923675237,-0.09276954767154995,-0.6134957106880987,-0.7842300835801449,,0.13496104971220796,0.6118054067411416,-0.4619793725609127,0.996860426798291,-0.07074200214526077,-0.03556485085036658,-0.03433349123060646,-0.7909455148711337,0.6109225841996307,-0.07134774602919682,-0.60778348253117,-0.7908911034389223,,0.0,0.0,0.045,1.0,0.0,0.0,0.0,1.0,0.0,0.0,0.0,1.0,,-0.019150839222606658,-0.1589250388481224,0.2593265970793276,False,,0.12968435480165047,0.5223850688874695,-0.4302606852157257,-0.33787467223009326,-0.6585402044974037,-0.6724325281587179,0.6774069032397944,0.32585606856295296,-0.6594980743139196,0.6534222167239795,-0.6783381322328961,0.33600116822759263,False,,0.0,0.0,0.0,0.0,0.0,0.0
12:35:45.905027,,-0.013831414577736097,-0.6234562249361447,0.05130845449,-2.6985369325759305,-0.5108107118660881,0.5683640954913699,,0.13318354903143792,0.49828905124667117,-0.454800916326811,-0.01912453339130274,-0.7683979786228005,-0.6396864846711704,0.7859220036586495,0.3839364233002581,-0.4846848739424195,0.6180298183645663,-0.5120130558020953,0.5965582740189445,,0.01901584343594242,0.27214442861177596,-0.1049318461604416,-0.9301101609392188,0.05355260176905012,0.36335548333654283,0.10776493860072527,-0.9059769526555123,0.4093806042972241,0.35111509001372904,0.41992604111931897,0.8368872764380241,,0.08400401984927423,0.786327984879011,1.1383039398366057,0.9955170575960887,-0.04257301045794665,-0.08445902447799007,0.01842821369645415,-0.788549650781644,0.614694923675237,-0.09276954767154995,-0.6134957106880987,-0.7842300835801449,,0.13496104971220796,0.6118054067411416,-0.4619793725609127,0.996860426798291,-0.07074200214526077,-0.03556485085036658,-0.03433349123060646,-0.7909455148711337,0.6109225841996307,-0.07134774602919682,-0.60778348253117,-0.7908911034389223,,0.0,0.0,0.045,1.0,0.0,0.0,0.0,1.0,0.0,0.0,0.0,1.0,,-0.019150839222606658,-0.1589250388481224,0.2593265970793276,False,,0.13060141880371884,0.5215981718316351,-0.4297364873660726,-0.30852123288494493,-0.6769948804822686,-0.6682010031868796,0.706630281246697,0.30714006561561996,-0.6374469591415795,0.6367796278810806,-0.6688369845443891,0.3836258510856656,False,,0.0,0.0,0.0,0.0,0.0,0.0
12:35:45.984590,,-0.006502541080097037,-0.6450103723881053,0.052759003000000006,-2.7239077926257895,-0.5577602258243681,0.5646743331893888,,0.13293991324732266,0.49787788649856196,-0.4547591143890208,-0.00852231194648803,-0.7585429762522785,-0.6515672823104472,0.7866867672031714,0.39715154391380103,-0.472646359844554,0.6172935286446067,-0.5166073986551293,0.5933510724253143,,0.019015466022656427,0.27214538315896253,-0.10493165814806005,-0.9301111145247865,0.05355400382912283,0.3633528357326933,0.10776396583530455,-0.9059752514713739,0.40938462515400836,0.3511128625222474,0.41992953256339444,0.836886459070872,,0.08400401984927423,0.786327984879011,1.1383039398366057,0.9955170575960887,-0.04257301045794665,-0.08445902447799007,0.01842821369645415,-0.788549650781644,0.614694923675237,-0.09276954767154995,-0.6134957106880987,-0.7842300835801449,,0.13496104971220796,0.6118054067411416,-0.4619793725609127,0.996860426798291,-0.07074200214526077,-0.03556485085036658,-0.03433349123060646,-0.7909455148711337,0.6109225841996307,-0.07134774602919682,-0.60778348253117,-0.7908911034389223,,0.0,0.0,0.045,1.0,0.0,0.0,0.0,1.0,0.0,0.0,0.0,1.0,,-0.019150839222606658,-0.1589250388481224,0.2593265970793276,False,,0.1310909746422211,0.519999352192211,-0.43066942508027434,-0.2783303031725516,-0.6905592960859754,-0.6675777864227639,0.7280088142536278,0.30170137949863873,-0.6156130635209465,0.6265264628927512,-0.6573462833224664,0.41876061789193786,False,,0.0,0.0,0.0,0.0,0.0,0.0
12:35:46.021538,,-0.0031122613483124772,-0.6774612959255967,0.053779183230000006,-2.739423855796778,-0.5851250853886228,0.564697633562459,,0.13136028127045654,0.5222029945023442,-0.4328221662568385,-0.25528572913936304,-0.6969522981258844,-0.670139306886883,0.7473432713732737,0.29750964151317427,-0.5941094578777513,0.6134388569620256,-0.6524917680275749,0.44491264471283865,,0.019015466022656427,0.27214538315896253,-0.10493165814806005,-0.9301111145247865,0.05355400382912283,0.3633528357326933,0.10776396583530455,-0.9059752514713739,0.40938462515400836,0.3511128625222474,0.41992953256339444,0.836886459070872,,0.08400401984927423,0.786327984879011,1.1383039398366057,0.9955170575960887,-0.04257301045794665,-0.08445902447799007,0.01842821369645415,-0.788549650781644,0.614694923675237,-0.09276954767154995,-0.6134957106880987,-0.7842300835801449,,0.13496104971220796,0.6118054067411416,-0.4619793725609127,0.996860426798291,-0.07074200214526077,-0.03556485085036658,-0.03433349123060646,-0.7909455148711337,0.6109225841996307,-0.07134774602919682,-0.60778348253117,-0.7908911034389223,,0.0,0.0,0.045,1.0,0.0,0.0,0.0,1.0,0.0,0.0,0.0,1.0,,-0.019150839222606658,-0.1589250388481224,0.2593265970793276,False,,0.1310880818994431,0.5182434409362839,-0.43314661553076195,-0.25917809665713426,-0.6954356566346396,-0.6702208305434362,0.7280734181110977,0.3152812851211278,-0.6086927049771448,0.6346146957431796,-0.6457297877080771,0.4246142122130085,False,,0.0,0.0,0.0,0.0,0.0,0.0
12:35:46.093460,,-0.0010348462051460842,-0.6883040128810078,0.054092885410000006,-2.7440367394422065,-0.5937101393695655,0.5639512972602845,,0.1331693866192057,0.4973653270362295,-0.45477927147296765,-0.007704565151933032,-0.7596735431783449,-0.6502589849211459,0.7870001745013798,0.39656506506272143,-0.4726170484722251,0.61690466444226,-0.5153952434459005,0.5948078496646827,,0.01901447859537007,0.2721456776684389,-0.1049310706900846,-0.9301130611282103,0.053552196363956306,0.3633481192129581,0.10776395718912382,-0.9059746751918154,0.4093859027791663,0.35110770854815826,0.4199310063902981,0.8368878818709116,,0.08400401984927423,0.786327984879011,1.1383039398366057,0.9955170575960887,-0.04257301045794665,-0.08445902447799007,0.01842821369645415,-0.788549650781644,0.614694923675237,-0.09276954767154995,-0.6134957106880987,-0.7842300835801449,,0.13496104971220796,0.6118054067411416,-0.4619793725609127,0.996860426798291,-0.07074200214526077,-0.03556485085036658,-0.03433349123060646,-0.7909455148711337,0.6109225841996307,-0.07134774602919682,-0.60778348253117,-0.7908911034389223,,0.0,0.0,0.045,1.0,0.0,0.0,0.0,1.0,0.0,0.0,0.0,1.0,,-0.019150839222606658,-0.1589250388481224,0.2593265970793276,False,,0.13118683922097835,0.5174911553809236,-0.43436053526256446,-0.2510878027170003,-0.6994619824026408,-0.6691097447355826,0.7265603909328741,0.3205567979094053,-0.6077444673886697,0.6395818271763339,-0.6387458606421151,0.4277134693440758,False,,0.0,0.0,0.0,0.0,0.0,0.0
12:35:46.122738,,0.0029346384922053137,-0.7058655074369944,0.054779919110000005,-2.7526334771450514,-0.6069901447463362,0.5656532439695657,,0.13154333024618156,0.5191157367708958,-0.4339888267164501,-0.2386361736837067,-0.7032486293038828,-0.6696970523989257,0.7516115221180554,0.3029286118689789,-0.5859303507504227,0.6149251144887316,-0.6431761978597648,0.4562800478627976,,0.019013968004768646,0.2721458284952195,-0.10493076692148212,-0.9301173988285499,0.05358455709106759,0.36333223926786534,0.1077227521451919,-0.9059816450163658,0.4093813185983703,0.35110885708041145,0.4199118366853081,0.8368970165706731,,0.08400401984927423,0.786327984879011,1.1383039398366057,0.9955170575960887,-0.04257301045794665,-0.08445902447799007,0.01842821369645415,-0.788549650781644,0.614694923675237,-0.09276954767154995,-0.6134957106880987,-0.7842300835801449,,0.13487629073131252,0.6118122470753636,-0.461955598641991,0.9968552835093625,-0.07083603717621587,-0.035521818318304144,-0.0344349926968763,-0.790946684355069,0.6109153573005752,-0.07137068738239055,-0.6077710081477177,-0.7908986196964012,,0.0,0.0,0.045,1.0,0.0,0.0,0.0,1.0,0.0,0.0,0.0,1.0,,-0.019150839222606658,-0.1589250388481224,0.2593265970793276,False,,0.13135289721690124,0.5165073692247666,-0.4356970090047884,-0.24225906449134288,-0.7029378893812782,-0.668721817607272,0.7242595932024408,0.32759570825570516,-0.6067364284322133,0.6455684218779716,-0.6313155911306462,0.4297464799964608,False,,0.0,0.0,0.0,0.0,0.0,0.0
12:35:46.162074,,0.0032512705400485186,-0.7075567859364496,0.05486288167,-2.7561979781437924,-0.6119533790790687,0.5670665048245911,,0.13153041327598405,0.5184968389482426,-0.4341100866580707,-0.23538616087152023,-0.7039529507124573,-0.6701071544562045,0.7526808152433542,0.3041614585489859,-0.583915573947085,0.6148698607305183,-0.6418224445409949,0.45825648282228926,,0.019005477552788398,0.272144755429478,-0.10493237668553865,-0.9301212793324165,0.053647864810781834,0.36331294930023267,0.10764553465097317,-0.9059974154223592,0.4093667169087781,0.3511222456605327,0.41986971389254746,0.8369125275397993,,0.08400401984927423,0.786327984879011,1.1383039398366057,0.9955170575960887,-0.04257301045794665,-0.08445902447799007,0.01842821369645415,-0.788549650781644,0.614694923675237,-0.09276954767154995,-0.6134957106880987,-0.7842300835801449,,0.13487629073131252,0.6118122470753636,-0.461955598641991,0.9968552835093625,-0.07083603717621587,-0.035521818318304144,-0.0344349926968763,-0.790946684355069,0.6109153573005752,-0.07137068738239055,-0.6077710081477177,-0.7908986196964012,,0.0,0.0,0.045,1.0,0.0,0.0,0.0,1.0,0.0,0.0,0.0,1.0,,-0.019150839222606658,-0.1589250388481224,0.2593265970793276,False,,0.13130398124708195,0.5163735357160562,-0.4358699103661535,-0.23834685919335113,-0.7038100426732514,-0.6692101303364597,0.725569828757938,0.3289852753981722,-0.604414685598692,0.6455534046915421,-0.6296190216340873,0.43225072502853396,False,,0.0,0.0,0.0,0.0,0.0,0.0
12:35:46.263465,,0.003274438738671192,-0.7080587635732741,0.05501065873000001,-2.7656334219639875,-0.6200018671862024,0.5697678457162821,,0.1331053461872804,0.4985629848127145,-0.4548034244977763,-0.02963854696987343,-0.7719262412866715,-0.635020814262451,0.7851197624099443,0.37521274453736503,-0.49274978945717607,0.618634395428243,-0.5131717785983266,0.594933786604327,,0.018995999744810907,0.2721439768941932,-0.10493339890107231,-0.9301271045013058,0.05370936661317397,0.36328894452305216,0.10756830794627056,-0.9060126062463648,0.4093533928659814,0.35113047774329975,0.4198290664822123,0.8369294631801899,,0.08400401984927423,0.786327984879011,1.1383039398366057,0.9955170575960887,-0.04257301045794665,-0.08445902447799007,0.01842821369645415,-0.788549650781644,0.614694923675237,-0.09276954767154995,-0.6134957106880987,-0.7842300835801449,,0.13487629073131252,0.6118122470753636,-0.461955598641991,0.9968552835093625,-0.07083603717621587,-0.035521818318304144,-0.0344349926968763,-0.790946684355069,0.6109153573005752,-0.07137068738239055,-0.6077710081477177,-0.7908986196964012,,0.0,0.0,0.045,1.0,0.0,0.0,0.0,1.0,0.0,0.0,0.0,1.0,,-0.019150839222606658,-0.1589250388481224,0.2593265970793276,False,,0.13133830361386126,0.516261479230343,-0.4358268976025498,-0.22827566051353498,-0.7061853604619911,-0.6702182178113906,0.7322851549647041,0.32911305491993564,-0.5961904468369034,0.6415985307304158,-0.6268866195337358,0.44200055612423905,False,,0.0,0.0,0.0,0.0,0.0,0.0
12:35:46.359225,,0.0033902797317845595,-0.7095029146207541,0.055459175070000005,-2.8174235247103945,-0.646696019408196,0.5829520338421372,,0.1336238818500998,0.49732876597296105,-0.45482354505363076,-0.015375800288321313,-0.7679121216420478,-0.6403706412701184,0.7861643736517434,0.3864466454582853,-0.4822909576332541,0.6178261586937349,-0.5108521935445202,0.5977632256876436,,0.01898692867785572,0.2721436383232156,-0.10493468734895012,-0.9301322650398234,0.05377300869401566,0.36326632128152003,0.10749043808498054,-0.9060270442215486,0.4093418961809194,0.351140658941277,0.41978976379216887,0.8369449079617657,,0.08400401984927423,0.786327984879011,1.1383039398366057,0.9955170575960887,-0.04257301045794665,-0.08445902447799007,0.01842821369645415,-0.788549650781644,0.614694923675237,-0.09276954767154995,-0.6134957106880987,-0.7842300835801449,,0.13487629073131252,0.6118122470753636,-0.461955598641991,0.9968552835093625,-0.07083603717621587,-0.035521818318304144,-0.0344349926968763,-0.790946684355069,0.6109153573005752,-0.07137068738239055,-0.6077710081477177,-0.7908986196964012,,0.0,0.0,0.045,1.0,0.0,0.0,0.0,1.0,0.0,0.0,0.0,1.0,,-0.019150839222606658,-0.1589250388481224,0.2593265970793276,False,,0.13158904711189306,0.516032653154088,-0.4355618203143164,-0.18364981473816072,-0.7221733121020893,-0.6668871365037249,0.7509967088769532,0.33465979199993706,-0.5692159228926611,0.6342528587264108,-0.6053664434919211,0.480889571826338,False,,0.0,0.0,0.0,0.0,0.0,0.0
12:35:46.454673,,0.0033439433345392126,-0.7171638656319849,0.05587139529000001,-2.845939532700319,-0.6589028930373488,0.590102820414095,,0.1331779266493092,0.49797780553611404,-0.45477498840668273,-0.014246569619944971,-0.7605964451872561,-0.649068627205609,0.7862168534494309,0.39254611484603336,-0.47725318969218206,0.6177864474121627,-0.5171079145476261,0.5924013083257541,,0.01897805126391213,0.27214305489662005,-0.10493608276320232,-0.9301369953153443,0.053836540894109886,0.36324481246307044,0.10741278485993139,-0.9060419210738868,0.40932936356485106,0.3511519052566972,0.41974952184883874,0.8369603785803089,,0.08400401984927423,0.786327984879011,1.1383039398366057,0.9955170575960887,-0.04257301045794665,-0.08445902447799007,0.01842821369645415,-0.788549650781644,0.614694923675237,-0.09276954767154995,-0.6134957106880987,-0.7842300835801449,,0.13487629073131252,0.6118122470753636,-0.461955598641991,0.9968552835093625,-0.07083603717621587,-0.035521818318304144,-0.0344349926968763,-0.790946684355069,0.6109153573005752,-0.07137068738239055,-0.6077710081477177,-0.7908986196964012,,0.0,0.0,0.045,1.0,0.0,0.0,0.0,1.0,0.0,0.0,0.0,1.0,,-0.019150839222606658,-0.1589250388481224,0.2593265970793276,False,,0.13167201500564849,0.5155121001670794,-0.43613061960839367,-0.15925188790030742,-0.7305694776404184,-0.664008339209979,0.7548223228371451,0.34340036108235417,-0.5588554848574413,0.6363034630951846,-0.5902071080127004,0.49676299429844806,False,,0.0,0.0,0.0,0.0,0.0,0.0
12:35:46.553437,,0.0032435478071742943,-0.7317675534971434,0.05662842865000001,-2.8887135446852055,-0.6826459329533934,0.6037889525007516,,0.1338586233131965,0.4969874896962977,-0.4548428860323877,-0.013245363000057568,-0.7634931753789082,-0.645680053516313,0.7863533405858956,0.39091098614317654,-0.47836913013066873,0.6176349926197511,-0.5140688398088352,0.5951976510615608,,0.018969490738130902,0.2721425655455787,-0.10493767501403306,-0.9301378198249197,0.05386782102311011,0.36323806785888363,0.10737612019295847,-0.9060493908598629,0.40932245245901944,0.3511609387388354,0.4197293879787083,0.836966687463346,,0.08400401984927423,0.786327984879011,1.1383039398366057,0.9955170575960887,-0.04257301045794665,-0.08445902447799007,0.01842821369645415,-0.788549650781644,0.614694923675237,-0.09276954767154995,-0.6134957106880987,-0.7842300835801449,,0.13487629073131252,0.6118122470753636,-0.461955598641991,0.9968552835093625,-0.07083603717621587,-0.035521818318304144,-0.0344349926968763,-0.790946684355069,0.6109153573005752,-0.07137068738239055,-0.6077710081477177,-0.7908986196964012,,0.0,0.0,0.045,1.0,0.0,0.0,0.0,1.0,0.0,0.0,0.0,1.0,,-0.019150839222606658,-0.1589250388481224,0.2593265970793276,False,,0.13178766054815924,0.5146768542791146,-0.43704866751191895,-0.1236467008981452,-0.7410809322190004,-0.6599322277767788,0.7614597705575628,0.35558362435940294,-0.5419772171501817,0.6363100747115581,-0.5695255376090248,0.5203365745666192,False,,0.0,0.0,0.0,0.0,0.0,0.0
