System Time,q_des,q0,q1,q2,q3,q4,q5,T_des,Tx,Ty,Tz,R00,R01,R02,R10,R11,R12,R20,R21,R22,T_target,Tx,Ty,Tz,R00,R01,R02,R10,R11,R12,R20,R21,R22,worldFrame,Tx,Ty,Tz,R00,R01,R02,R10,R11,R12,R20,R21,R22,ECM_T_PSM_RCM,Tx,Ty,Tz,R00,R01,R02,R10,R11,R12,R20,R21,R22,psm3_T_cam,Tx,Ty,Tz,R00,R01,R02,R10,R11,R12,R20,R21,R22,offset,x,y,z,IK Trigered,ECM_T_PSM3,Tx,Ty,Tz,R00,R01,R02,R10,R11,R12,R20,R21,R22,solverSuccess,q_solverOutput,q0,q1,q2,q3,q4,q5
12:01:44.249586,,-0.023909580978599083,-0.287293385654026,0.09355324930000002,-2.8887135446852055,0.009524044260108258,1.4026318472471138,,0.0318556267818628,0.22612376017796898,-0.17109945183503014,-0.42520857157258535,-0.9019161069050059,-0.07579582288305717,-0.7343601774718832,0.2948345790791421,0.6113817961983248,-0.5290678599240994,0.3156262141910004,-0.7876974625519565,,0.006122954514942383,0.2832104234986702,-0.13016728979727732,-0.2568333174550128,-0.9575280494300226,0.1310598397671438,0.7983551033840824,-0.13377543196930064,0.5871399004513478,-0.5446703369430395,0.2554293803699249,0.7988053928825172,,0.08406022967966897,0.7870358919355855,1.137854500181494,0.9955144099369426,-0.042601706837251334,-0.08447576091669183,0.018364126733972197,-0.788891761625784,0.6142577205768488,-0.09281065917878072,-0.6130537358286957,-0.7845707734355647,,0.1348010118882471,0.6116423302585496,-0.4622593981271257,0.9968468482507065,-0.0709363588056138,-0.03555832015203072,-0.03452950626763999,-0.7912602434686562,0.6105038413497789,-0.07144280460302568,-0.60735101885592,-0.7912146772937987,,0.0,0.0,0.045,1.0,0.0,0.0,0.0,1.0,0.0,0.0,0.0,1.0,,-0.019501160741314527,-0.1568017533185176,0.2605595468860936,True,,0.13343512939167915,0.4988163231140019,-0.3803034066404983,-0.18040233299617725,-0.15756632674702614,-0.9708902362908929,0.5720658205067404,0.7861551897002887,-0.23388183921641556,0.8001223001875941,-0.5976059490858108,-0.05168592032421372,False,,0.0,0.0,0.0,0.0,0.0,0.0
12:01:44.747356,,-0.04118533441823931,-0.09426367746278437,0.08030257292000001,-3.1606640032361755,-0.2211992814777256,1.0441413214964324,,0.00527126851222845,0.4734806692141125,-0.35974425538842386,-0.05303724844276148,-0.2834282643799896,0.9575257016018774,-0.7890409439419146,0.5995983667392562,0.13377663243955928,-0.6120469255382901,-0.7484318389500565,-0.25543755280882946,,0.006124229032427189,0.2832108486974284,-0.1301681350435901,-0.2568391926146071,-0.9575257015840317,0.13106547945897135,0.7983537710553614,-0.13377663243706606,0.5871414385122269,-0.5446695193798581,0.25543755280406877,0.7988033370227671,,0.08406022967966897,0.7870358919355855,1.137854500181494,0.9955144099369426,-0.042601706837251334,-0.08447576091669183,0.018364126733972197,-0.788891761625784,0.6142577205768488,-0.09281065917878072,-0.6130537358286957,-0.7845707734355647,,0.1348010118882471,0.6116423302585496,-0.4622593981271257,0.9968468482507065,-0.0709363588056138,-0.03555832015203072,-0.03452950626763999,-0.7912602434686562,0.6105038413497789,-0.07144280460302568,-0.60735101885592,-0.7912146772937987,,0.0,0.0,0.045,1.0,0.0,0.0,0.0,1.0,0.0,0.0,0.0,1.0,,-0.019501160741314527,-0.1568017533185176,0.2605595468860936,True,,0.13333363099900616,0.5276841144404107,-0.3683536495325326,0.08974436259844693,-0.5072818862835813,-0.857094532260223,0.860692554299348,0.47252481152728715,-0.18954848842648658,0.5011529470685199,-0.7206839739717221,0.4790201804776745,False,,-0.6225001507914755,0.07656647694565913,0.12051744082686666,-1.7808945123085562,0.6743989355101115,1.3102721233487045
12:01:44.847736,,-0.04696966134103347,-0.00881936094236439,0.07196613193000001,-3.235937877268402,-0.29403809884728593,0.9316517481943996,,0.005489537333782907,0.4805578881231502,-0.3594657786816629,-0.05303793917083926,-0.2834286451228985,0.9575255506420226,-0.7890409509472504,0.5995984229850441,0.13377633902191827,-0.6120468566513264,-0.748431649703329,-0.2554382723586745,,0.0061243747939351435,0.28321067176049314,-0.13016820438313575,-0.2568392476896433,-0.9575255506293323,0.1310664744002287,0.7983543406780929,-0.1337763390201453,0.5871407308408338,-0.5446686584889564,0.25543827235528915,0.7988036939383039,,0.08406022967966897,0.7870358919355855,1.137854500181494,0.9955144099369426,-0.042601706837251334,-0.08447576091669183,0.018364126733972197,-0.788891761625784,0.6142577205768488,-0.09281065917878072,-0.6130537358286957,-0.7845707734355647,,0.1348010118882471,0.6116423302585496,-0.4622593981271257,0.9968468482507065,-0.0709363588056138,-0.03555832015203072,-0.03452950626763999,-0.7912602434686562,0.6105038413497789,-0.07144280460302568,-0.60735101885592,-0.7912146772937987,,0.0,0.0,0.045,1.0,0.0,0.0,0.0,1.0,0.0,0.0,0.0,1.0,,-0.019501160741314527,-0.1568017533185176,0.2605595468860936,True,,0.13376999948182963,0.541838683715687,-0.367796738309691,0.16099801803136066,-0.6174946811721912,-0.7699220459981828,0.9213727411314431,0.3736579106347065,-0.10701419401199402,0.3537681586716146,-0.6921561128417202,0.6291009500596354,False,,-0.5806432400979789,-0.028816110712502774,0.135628378959073,-1.8534055476054434,0.6050983154090666,1.36744823321747
12:01:44.947471,,-0.05361121161286655,0.06302522298654623,0.06271710278,-3.2598410016128976,-0.32435407071748973,0.855196651219276,,0.005532356194722227,0.4867743871671978,-0.3608737015810666,-0.053039320632088556,-0.2834294066063675,0.9575252487207055,-0.7890409649568335,0.599598535478707,0.13377575218169696,-0.6120467188759985,-0.7484312712083537,-0.2554397114596168,,0.006124666314281298,0.2832103178865739,-0.130168343066717,-0.25683935782877776,-0.957525248706429,0.13106846428478802,0.7983554799108477,-0.1337757521797024,0.587139315491013,-0.5446669367022395,0.25543971145580824,0.7988044077525814,,0.08406022967966897,0.7870358919355855,1.137854500181494,0.9955144099369426,-0.042601706837251334,-0.08447576091669183,0.018364126733972197,-0.788891761625784,0.6142577205768488,-0.09281065917878072,-0.6130537358286957,-0.7845707734355647,,0.1348010118882471,0.6116423302585496,-0.4622593981271257,0.9968468482507065,-0.0709363588056138,-0.03555832015203072,-0.03452950626763999,-0.7912602434686562,0.6105038413497789,-0.07144280460302568,-0.60735101885592,-0.7912146772937987,,0.0,0.0,0.045,1.0,0.0,0.0,0.0,1.0,0.0,0.0,0.0,1.0,,-0.019501160741314527,-0.1568017533185176,0.2605595468860936,True,,0.13385529888555794,0.5542719447174671,-0.37061266848556307,0.18360785622876052,-0.6801077200742102,-0.7097475919131666,0.9492162802689467,0.3103288072526492,-0.051812012714553546,0.255492873488604,-0.6641908765442417,0.7025481272567228,False,,-0.5573656556319244,-0.029883960602399114,0.12133400975220253,-1.9522416538034542,0.5721149631465178,1.2024175769591043
12:01:45.014198,,-0.06513352906120952,0.11644336627755715,0.05504695485,-3.1975670723996066,-0.3246223536543942,0.8104906667350062,,0.005103915884184712,0.4912761150273657,-0.3626814377614318,-0.05307466742841535,-0.2834107838231691,0.9575288023292564,-0.789041322896448,0.5996067370271698,0.13373687477077417,-0.6120431932790253,-0.7484317527499534,-0.2554467479465069,,0.00612594620527612,0.2832107483661776,-0.1301691923771016,-0.2568142349081781,-0.9575288006302637,0.131091728050983,0.7983511711543095,-0.13373687453347793,0.587154027796673,-0.5446850950011085,0.2554467474932546,0.7987897739268123,,0.08406022967966897,0.7870358919355855,1.137854500181494,0.9955144099369426,-0.042601706837251334,-0.08447576091669183,0.018364126733972197,-0.788891761625784,0.6142577205768488,-0.09281065917878072,-0.6130537358286957,-0.7845707734355647,,0.1348010118882471,0.6116423302585496,-0.4622593981271257,0.9968468482507065,-0.0709363588056138,-0.03555832015203072,-0.03452950626763999,-0.7912602434686562,0.6105038413497789,-0.07144280460302568,-0.60735101885592,-0.7912146772937987,,0.0,0.0,0.045,1.0,0.0,0.0,0.0,1.0,0.0,0.0,0.0,1.0,,-0.019501160741314527,-0.1568017533185176,0.2605595468860936,True,,0.1329976891828135,0.5632689439595062,-0.3742283821913769,0.12956871073371584,-0.6987806224610127,-0.7035037959185455,0.9694332000093513,0.23835158551421004,-0.05820474553240068,0.20835359348576638,-0.6744584222588239,0.7083040425733191,True,,-0.31266572376022694,-0.14194997215427674,0.08032244586843175,-2.4104689712655065,0.15065754020958685,0.9236970095197057
12:01:45.070974,,-0.07623109620147013,0.12973418955409755,0.05095067845,-3.155631766532071,-0.32381750484368077,0.7905203824474744,,0.004672555589276678,0.4927787351554027,-0.36392872001542853,-0.05310875008118334,-0.2833905039953947,0.9575329147919932,-0.7890416670923889,0.5996149683995995,0.13369793290552864,-0.6120397930338176,-0.7484328372782582,-0.2554517172123495,,0.0061268837650725674,0.28321119993779953,-0.13016983100924706,-0.2567879041080524,-0.9575329122491572,0.13111326764373327,0.7983467867071832,-0.1336979325504788,0.5871688561860369,-0.54470393347844,0.2554517165339688,0.7987753376649405,,0.08406022967966897,0.7870358919355855,1.137854500181494,0.9955144099369426,-0.042601706837251334,-0.08447576091669183,0.018364126733972197,-0.788891761625784,0.6142577205768488,-0.09281065917878072,-0.6130537358286957,-0.7845707734355647,,0.1348010118882471,0.6116423302585496,-0.4622593981271257,0.9968468482507065,-0.0709363588056138,-0.03555832015203072,-0.03452950626763999,-0.7912602434686562,0.6105038413497789,-0.07144280460302568,-0.60735101885592,-0.7912146772937987,,0.0,0.0,0.045,1.0,0.0,0.0,0.0,1.0,0.0,0.0,0.0,1.0,,-0.019501160741314527,-0.1568017533185176,0.2605595468860936,True,,0.13213466846492522,0.5662676966548452,-0.3767230783034305,0.09991785421325244,-0.7000173645369366,-0.7071012033338516,0.9751259547919505,0.21020510366854644,-0.07030779958712136,0.19785296232431393,-0.6824877315662585,0.7036083438682605,True,,-0.3246281788239637,-0.14509859535990366,0.08068790790956826,-2.4065847723263967,0.15895943126385745,0.9113658866770158
12:01:45.167712,,-0.08483422062335624,0.12776489267117028,0.04856420856,-3.129422200364861,-0.32046396813237504,0.7835858050943678,,0.004184434258043879,0.49346776866373,-0.3652046341618699,-0.05314366092575604,-0.28337068027145373,0.9575368446518921,-0.7890420186929665,0.5996232658997406,0.13365863881043114,-0.6120363094133684,-0.7484336954962829,-0.2554575491259573,,0.006127996246661668,0.283211439176224,-0.13017055285428705,-0.256761640013237,-0.9575368421090689,0.131136001579769,0.7983430849176236,-0.13365863845548887,0.5871828350856834,-0.5447217396715032,0.2554575484475673,0.7987613297845821,,0.08406022967966897,0.7870358919355855,1.137854500181494,0.9955144099369426,-0.042601706837251334,-0.08447576091669183,0.018364126733972197,-0.788891761625784,0.6142577205768488,-0.09281065917878072,-0.6130537358286957,-0.7845707734355647,,0.13465481279826225,0.6116547646157243,-0.4622368086541593,0.9968360921919407,-0.07107567787070217,-0.03558164300198996,-0.03462627753445892,-0.7912593877813453,0.610499469411725,-0.0715459726861513,-0.6073358455279181,-0.7912170021740442,,0.0,0.0,0.045,1.0,0.0,0.0,0.0,1.0,0.0,0.0,0.0,1.0,,-0.019501160741314527,-0.1568017533185176,0.2605595468860936,True,,0.1311579224491548,0.5676394338483352,-0.3792750886978825,0.07377992425206853,-0.6942245537071463,-0.7159670326261348,0.976380430082628,0.19647158180497465,-0.08988978415100285,0.20307087070533225,-0.6924241377747926,0.692322926745759,False,,-0.7099820750859438,-0.059254657798589766,0.12640990144962308,-1.7653288527611362,0.7541767920166434,1.1769692510760486
12:01:45.280777,,-0.10169294648778834,0.10902954271830163,0.045345520490000006,-3.07259986091435,-0.3053059821972732,0.7866492742942923,,0.003367722781922683,0.4935250248810856,-0.3670337349817786,-0.053176277776978566,-0.2833556900647468,0.9575394698860809,-0.7890423463127565,0.5996305241962043,0.1336241377051513,-0.6120330540150961,-0.748433555741668,-0.25546575784797065,,0.006127810086044969,0.28321267277236506,-0.1301748899785737,-0.25674050639436996,-0.9575394682475602,0.1311582086725254,0.7983390775818133,-0.1336241374764966,0.5871961373060329,-0.5447375754983547,0.2554657574108232,0.798747905917964,,0.08406022967966897,0.7870358919355855,1.137854500181494,0.9955144099369426,-0.042601706837251334,-0.08447576091669183,0.018364126733972197,-0.788891761625784,0.6142577205768488,-0.09281065917878072,-0.6130537358286957,-0.7845707734355647,,0.13465481279826225,0.6116547646157243,-0.4622368086541593,0.9968360921919407,-0.07107567787070217,-0.03558164300198996,-0.03462627753445892,-0.7912593877813453,0.610499469411725,-0.0715459726861513,-0.6073358455279181,-0.7912170021740442,,0.0,0.0,0.045,1.0,0.0,0.0,0.0,1.0,0.0,0.0,0.0,1.0,,-0.019501160741314527,-0.1568017533185176,0.2605595468860936,True,,0.12952509256882835,0.567747365015587,-0.3829302255653253,0.02585742165107291,-0.6679624069152883,-0.7437456666720781,0.9718031348848737,0.19122551389345815,-0.13795459348682543,0.23437162962588082,-0.7192072203364743,0.6540725597687089,False,,-0.5541498749486118,-0.038090330617625824,0.12582726408114964,-1.9268600629174113,0.5711461139348476,1.2105804395085933
12:01:45.384812,,-0.12211185220723794,0.0904640928886659,0.044114044990000004,-3.0096969021130464,-0.28277021549729875,0.7921730321670994,,0.002337483797464651,0.49310574409325747,-0.36802980144478137,-0.05320810546394175,-0.2833421829269936,0.9575416987719669,-0.7890426651889884,0.5996374496671536,0.13359117286755823,-0.6120298767416473,-0.7484331208136356,-0.2554746438391999,,0.006127608986203147,0.28321471341092946,-0.13017931557852974,-0.2567215250714833,-0.9575416986938132,0.1311790900422025,0.7983324861930514,-0.13359117285665462,0.5872126019257136,-0.5447561838938176,0.2554746438183483,0.79873237464879,,0.08406022967966897,0.7870358919355855,1.137854500181494,0.9955144099369426,-0.042601706837251334,-0.08447576091669183,0.018364126733972197,-0.788891761625784,0.6142577205768488,-0.09281065917878072,-0.6130537358286957,-0.7845707734355647,,0.13465481279826225,0.6116547646157243,-0.4622368086541593,0.9968360921919407,-0.07107567787070217,-0.03558164300198996,-0.03462627753445892,-0.7912593877813453,0.610499469411725,-0.0715459726861513,-0.6073358455279181,-0.7912170021740442,,0.0,0.0,0.045,1.0,0.0,0.0,0.0,1.0,0.0,0.0,0.0,1.0,,-0.019501160741314527,-0.1568017533185176,0.2605595468860936,True,,0.1274651611770665,0.5669016532515394,-0.38491931022001535,-0.028654600590554635,-0.6343500459843707,-0.7725146814298243,0.9628956439107195,0.18995649158076283,-0.19169900950210728,0.26834845407186014,-0.7493440801567426,0.6053697685970851,False,,-0.4431160209514468,-0.04420646054008784,0.09767528188648708,-2.182824537218518,0.39406144526417436,0.9882935182355163
12:01:45.484684,,-0.14466995493284773,0.07898038910469406,0.044943670590000005,-2.950358444310483,-0.2544663656538784,0.8002151753827754,,0.001180085546844567,0.4924159778602781,-0.3680384438731053,-0.05320498306412084,-0.28334656035049033,0.9575405769546753,-0.7890426339418832,0.5996363444332591,0.1335963182755166,-0.6120301884704722,-0.7484323490952699,-0.25547615784752653,,0.006126135398718814,0.28321592011656743,-0.13018284765562796,-0.256726588934257,-0.9575405768723795,0.13117736849472794,0.7983314977277927,-0.13359631826403467,0.5872127751591445,-0.5447552460490769,0.25547615782556965,0.7987325300204093,,0.08406022967966897,0.7870358919355855,1.137854500181494,0.9955144099369426,-0.042601706837251334,-0.08447576091669183,0.018364126733972197,-0.788891761625784,0.6142577205768488,-0.09281065917878072,-0.6130537358286957,-0.7845707734355647,,0.13465481279826225,0.6116547646157243,-0.4622368086541593,0.9968360921919407,-0.07107567787070217,-0.03558164300198996,-0.03462627753445892,-0.7912593877813453,0.610499469411725,-0.0715459726861513,-0.6073358455279181,-0.7912170021740442,,0.0,0.0,0.045,1.0,0.0,0.0,0.0,1.0,0.0,0.0,0.0,1.0,,-0.019501160741314527,-0.1568017533185176,0.2605595468860936,True,,0.12515166438163047,0.5655217116181762,-0.38493329767085566,-0.08120259742900088,-0.5973876612343654,-0.7978308845712345,0.9515082784356628,0.19183396584953566,-0.24048227713251613,0.29671220776905133,-0.7786704769999786,0.5528418887977294,False,,-0.8243068233231374,0.01905695673244822,0.09992142902391885,-1.7482817208712578,0.8658323841879061,0.892740284100631
12:01:45.584773,,-0.16779181715827593,0.06358898248636462,0.04791735985000001,-2.8899716038612318,-0.21529705686582754,0.8141161752735988,,-0.00014819453581395303,0.49095271073215085,-0.3673139572596673,-0.05319285043441546,-0.28335224986869584,0.9575395674106685,-0.7890425124520958,0.5996336290505607,0.13360922294115338,-0.612031399689547,-0.7484323706294396,-0.255473193090882,,0.006125125699556221,0.28321722161100704,-0.1301868249321428,-0.25673521138825894,-0.9575395672278042,0.13116786208774345,0.7983300515591094,-0.1336092229156376,0.5872118050137983,-0.5447533016229544,0.2554731930420935,0.7987348043160643,,0.08406022967966897,0.7870358919355855,1.137854500181494,0.9955144099369426,-0.042601706837251334,-0.08447576091669183,0.018364126733972197,-0.788891761625784,0.6142577205768488,-0.09281065917878072,-0.6130537358286957,-0.7845707734355647,,0.13465481279826225,0.6116547646157243,-0.4622368086541593,0.9968360921919407,-0.07107567787070217,-0.03558164300198996,-0.03462627753445892,-0.7912593877813453,0.610499469411725,-0.0715459726861513,-0.6073358455279181,-0.7912170021740442,,0.0,0.0,0.045,1.0,0.0,0.0,0.0,1.0,0.0,0.0,0.0,1.0,,-0.019501160741314527,-0.1568017533185176,0.2605595468860936,True,,0.12249595743615495,0.5625958760906559,-0.3834798876301849,-0.13851464183146953,-0.5546986779461727,-0.820440778291199,0.9324296869553226,0.20613426423615067,-0.2967887194490727,0.33374926649012926,-0.8061129212415524,0.4886649008520171,False,,-0.8050822279066963,0.042155999345808326,0.09381493714658433,-1.8671992401316033,0.8386539961108004,0.8523205649758399
12:01:45.683944,,-0.19086734298645874,0.04761837090246833,0.052915854090000006,-2.827068645059928,-0.17599360660932445,0.8262960328110054,,-0.0016762116569422891,0.4889029211999748,-0.3658463898226766,-0.05321700012708307,-0.2833415310565819,0.957541397369318,-0.789042754158878,0.599638949275099,0.13358391602894287,-0.6120289886981224,-0.7484321661251387,-0.2554795680722556,,0.006124881950314357,0.2832171945772403,-0.13018940102144644,-0.25671272597785144,-0.9575413941386532,0.13119850640991296,0.7983592673384277,-0.1335839155782419,0.5871778359286063,-0.5447210752559852,0.25547956721028886,0.7987547396805692,,0.08406022967966897,0.7870358919355855,1.137854500181494,0.9955144099369426,-0.042601706837251334,-0.08447576091669183,0.018364126733972197,-0.788891761625784,0.6142577205768488,-0.09281065917878072,-0.6130537358286957,-0.7845707734355647,,0.13465481279826225,0.6116547646157243,-0.4622368086541593,0.9968360921919407,-0.07107567787070217,-0.03558164300198996,-0.03462627753445892,-0.7912593877813453,0.610499469411725,-0.0715459726861513,-0.6073358455279181,-0.7912170021740442,,0.0,0.0,0.045,1.0,0.0,0.0,0.0,1.0,0.0,0.0,0.0,1.0,,-0.019501160741314527,-0.1568017533185176,0.2605595468860936,True,,0.11944045058673083,0.5584924014886778,-0.38054316478901273,-0.2005321072130541,-0.512675325662316,-0.8348358428060756,0.9091040641761938,0.22021228235146223,-0.3536047952161945,0.3651255598763515,-0.8298617723203052,0.42191558914833033,False,,-0.8667542550999899,0.047994867487641486,0.09517534360128042,-1.776441570545489,0.9102483121043082,0.8626643992523023
12:01:45.781649,,-0.21934878182659875,0.034528338680657786,0.06000396781,-2.761020538318559,-0.1263612632819997,0.8395094369486895,,-0.003731158872168225,0.48636785372769964,-0.3635937671870641,-0.05324510185709995,-0.28332689286828894,0.9575441665562107,-0.7890430348356404,0.5996454415229665,0.1335531116750522,-0.6120261826961241,-0.7484325061342056,-0.2554852940113831,,0.0061262866689105406,0.283215748466167,-0.13018852828299274,-0.2566852415822718,-0.9575441613346763,0.131232065218932,0.798390153712769,-0.13355311094678068,0.5871428430159409,-0.5446887536036114,0.2554852926182095,0.7987749470579533,,0.08406022967966897,0.7870358919355855,1.137854500181494,0.9955144099369426,-0.042601706837251334,-0.08447576091669183,0.018364126733972197,-0.788891761625784,0.6142577205768488,-0.09281065917878072,-0.6130537358286957,-0.7845707734355647,,0.13465481279826225,0.6116547646157243,-0.4622368086541593,0.9968360921919407,-0.07107567787070217,-0.03558164300198996,-0.03462627753445892,-0.7912593877813453,0.610499469411725,-0.0715459726861513,-0.6073358455279181,-0.7912170021740442,,0.0,0.0,0.045,1.0,0.0,0.0,0.0,1.0,0.0,0.0,0.0,1.0,,-0.019501160741314527,-0.1568017533185176,0.2605595468860936,True,,0.11532958066165114,0.5534189379803478,-0.3760396797768062,-0.26760197764342125,-0.46716209684307214,-0.8427032436359281,0.8791046865110812,0.23963640820773413,-0.41200648297757436,0.39441619099066405,-0.8510781204651431,0.3465572119433323,False,,-0.575883621134839,-0.041562987166062715,0.12222132605983498,-1.9637415754447272,0.5761025593555962,1.1311887980262634
12:01:45.884082,,-0.2526028695830095,0.021824443102558464,0.06903910911000001,-2.693504695871826,-0.07324124177491703,0.8512996940051234,,-0.006410690276591968,0.48333475263399783,-0.36071542405048174,-0.05329710667140465,-0.2833167160942293,0.9575442845122302,-0.7890435525946019,0.5996550959487035,0.13350669650486047,-0.6120209886346599,-0.74842862337322,-0.2555091097912564,,0.006128307896455052,0.2832138158073176,-0.13018769108359335,-0.2566555386825138,-0.9575442778360181,0.1312892855591872,0.7984229379679835,-0.13350669557402206,0.5871088148027023,-0.5446546911995866,0.25550910800979,0.7987905539838832,,0.08406022967966897,0.7870358919355855,1.137854500181494,0.9955144099369426,-0.042601706837251334,-0.08447576091669183,0.018364126733972197,-0.788891761625784,0.6142577205768488,-0.09281065917878072,-0.6130537358286957,-0.7845707734355647,,0.13465481279826225,0.6116547646157243,-0.4622368086541593,0.9968360921919407,-0.07107567787070217,-0.03558164300198996,-0.03462627753445892,-0.7912593877813453,0.610499469411725,-0.0715459726861513,-0.6073358455279181,-0.7912170021740442,,0.0,0.0,0.045,1.0,0.0,0.0,0.0,1.0,0.0,0.0,0.0,1.0,,-0.019501160741314527,-0.1568017533185176,0.2605595468860936,True,,0.10996851490844217,0.5473474741004138,-0.37028752214892124,-0.33729175163637,-0.42084629016411546,-0.842094219391851,0.8442259846205804,0.2605869216770068,-0.46837692422056154,0.41655343135002676,-0.8688974947057928,0.2673955544217516,False,,-0.6591195181248817,-0.002485527933252135,0.12211116164632294,-1.7986240911524742,0.7014444686446702,1.202488904416732
12:01:45.984578,,-0.288119718071568,0.008417778832904715,0.08016775876000001,-2.6238920881317167,-0.017840815304146457,0.8635185196391153,,-0.009733606315012647,0.479709644296883,-0.35723337249210896,-0.053349546152108816,-0.28330773963440115,0.9575440201832031,-0.7890440724999862,0.5996646509881559,0.13346069836431138,-0.6120157494525778,-0.7484243655964842,-0.2555341296255744,,0.00613049652402946,0.2832120742824283,-0.13018698136529763,-0.25662697566824877,-0.9575440144919182,0.13134703568339265,0.7984551133984411,-0.1334606975710707,0.5870755166113392,-0.5446209832167648,0.2555341281067748,0.7988055346111843,,0.08406022967966897,0.7870358919355855,1.137854500181494,0.9955144099369426,-0.042601706837251334,-0.08447576091669183,0.018364126733972197,-0.788891761625784,0.6142577205768488,-0.09281065917878072,-0.6130537358286957,-0.7845707734355647,,0.13465481279826225,0.6116547646157243,-0.4622368086541593,0.9968360921919407,-0.07107567787070217,-0.03558164300198996,-0.03462627753445892,-0.7912593877813453,0.610499469411725,-0.0715459726861513,-0.6073358455279181,-0.7912170021740442,,0.0,0.0,0.045,1.0,0.0,0.0,0.0,1.0,0.0,0.0,0.0,1.0,,-0.019501160741314527,-0.1568017533185176,0.2605595468860936,True,,0.1033204532330272,0.5400918692392883,-0.3633280068247907,-0.40998194460083015,-0.3743329617970703,-0.8317389246714111,0.8040281901062918,0.28222675308099054,-0.5233418857303155,0.43064309423897984,-0.8833022662472881,0.18526638072430335,False,,-0.5378230685715577,-0.054163833178839896,0.11807455670710332,-2.018450567092311,0.52486768792272,1.1308018530109756
12:01:46.081839,,-0.3239377531422213,-0.0037146345125019893,0.09254992084000001,-2.553650450803594,0.03997415759876424,0.8766489841068554,,-0.013572867840874747,0.4758220349784885,-0.3534389727836841,-0.05341352281469221,-0.2833007648647435,0.9575425171800863,-0.7890447038234626,0.5996757531110597,0.13340707064780175,-0.6120093552787149,-0.7484181102550465,-0.25556776262587727,,0.006132905928316943,0.28321019561264577,-0.13018624781633534,-0.25659726731834087,-0.9575425162633734,0.13141601895525307,0.7984878970150323,-0.13340707052008316,0.5870431244304297,-0.5445869249353599,0.25556776238120693,0.7988180006147783,,0.08406022967966897,0.7870358919355855,1.137854500181494,0.9955144099369426,-0.042601706837251334,-0.08447576091669183,0.018364126733972197,-0.788891761625784,0.6142577205768488,-0.09281065917878072,-0.6130537358286957,-0.7845707734355647,,0.13465481279826225,0.6116547646157243,-0.4622368086541593,0.9968360921919407,-0.07107567787070217,-0.03558164300198996,-0.03462627753445892,-0.7912593877813453,0.610499469411725,-0.0715459726861513,-0.6073358455279181,-0.7912170021740442,,0.0,0.0,0.045,1.0,0.0,0.0,0.0,1.0,0.0,0.0,0.0,1.0,,-0.019501160741314527,-0.1568017533185176,0.2605595468860936,True,,0.09563928781153241,0.5323102169762229,-0.3557451540719502,-0.48319660720500196,-0.3303960536327818,-0.8107770880639504,0.7591580636867613,0.30318649053987223,-0.5759834948099495,0.43611933358307126,-0.8938212347544668,0.10432414474635238,False,,-0.659338509099742,-0.08169091578332621,0.1336457712865481,-1.7688645802389875,0.7004545516119315,1.2441535257409477
12:01:46.192653,,-0.35887539666521295,-0.013900919173604117,0.10349190473000001,-2.493682963413018,0.09188690588977687,0.8867779929755364,,0.05873831801558754,0.5851793159352013,-0.384739738927477,-0.9142416676576482,-0.2923246603811604,-0.28055029148372346,0.2654315096149425,0.091029008833306,-0.9598228134683816,0.3061180929348927,-0.9519768970326253,-0.005630336938337783,,0.006133864816000397,0.2832096879233521,-0.1301864940734666,-0.25659625713421047,-0.9575393027733785,0.13144140619016345,0.7984898719058384,-0.1333915245200447,0.5870439714725613,-0.544584505913245,0.2555879175993101,0.7988132016239695,,0.08406022967966897,0.7870358919355855,1.137854500181494,0.9955144099369426,-0.042601706837251334,-0.08447576091669183,0.018364126733972197,-0.788891761625784,0.6142577205768488,-0.09281065917878072,-0.6130537358286957,-0.7845707734355647,,0.13465481279826225,0.6116547646157243,-0.4622368086541593,0.9968360921919407,-0.07107567787070217,-0.03558164300198996,-0.03462627753445892,-0.7912593877813453,0.610499469411725,-0.0715459726861513,-0.6073358455279181,-0.7912170021740442,,0.0,0.0,0.045,1.0,0.0,0.0,0.0,1.0,0.0,0.0,0.0,1.0,,-0.019501160741314527,-0.1568017533185176,0.2605595468860936,False,,0.08778357725689026,0.5257019982690103,-0.34949214255699673,-0.5447155857793405,-0.2935317510704383,-0.7855724293294619,0.7179815741056081,0.32081507891227673,-0.6177217370202729,0.4333444240484736,-0.9005091872135632,0.03599741504698267,False,,0.0,0.0,0.0,0.0,0.0,0.0
12:01:46.297300,,-0.3911486973465972,-0.023708789923869246,0.11324648698,-2.4261671209662854,0.15090915200875762,0.9032228650882348,,0.04201540097123098,0.5918944227897099,-0.40397115127604966,-0.9522149229546014,-0.25343694438111364,-0.1704595427816413,0.18366096510716334,-0.029193280294598133,-0.9825560555416404,0.24403973118831934,-0.9669113028651625,0.07434475094535833,,0.006134473873638832,0.2832096048835872,-0.13018657387153196,-0.25659511529732465,-0.9575364519802827,0.1314644055620865,0.798490480406568,-0.1333766826461204,0.587046517085003,-0.5445841528183403,0.2556063450905634,0.7988075468119982,,0.08406022967966897,0.7870358919355855,1.137854500181494,0.9955144099369426,-0.042601706837251334,-0.08447576091669183,0.018364126733972197,-0.788891761625784,0.6142577205768488,-0.09281065917878072,-0.6130537358286957,-0.7845707734355647,,0.1347320956133119,0.6116516212248945,-0.4622481632743738,0.996842760985045,-0.07098846166729164,-0.035568921572405,-0.03456445609099337,-0.7912591612642774,0.6105032662406368,-0.07148292276373584,-0.6073463410818111,-0.7912146445356596,,0.0,0.0,0.045,1.0,0.0,0.0,0.0,1.0,0.0,0.0,0.0,1.0,,-0.019501160741314527,-0.1568017533185176,0.2605595468860936,False,,0.08018319921838385,0.5198118223863034,-0.3444289335488463,-0.6120186744850946,-0.2585086404047087,-0.7473997758346044,0.6665418802888103,0.3400133923191226,-0.6634099900247958,0.42562314775228705,-0.9041925546473779,-0.035787710428071384,False,,0.0,0.0,0.0,0.0,0.0,0.0
12:01:46.401703,,-0.42361506634983703,-0.0327366646538377,0.12056274774000002,-2.37605443045458,0.19718795862477662,0.9100078076332827,,0.03423925540015994,0.5875017835054854,-0.4113001458439328,-0.9651708438583426,-0.238259865758162,-0.10806238260688852,0.1442680736710814,-0.140137655925457,-0.9795652914997313,0.21824748586183157,-0.961037810786142,0.169630071491964,,0.006130469484957615,0.2832083559326481,-0.13018707402553467,-0.25659052590223985,-0.9575362894788139,0.13147454541200035,0.7984938567324523,-0.13336792375516215,0.5870439143852068,-0.5445813644632735,0.25561152358083816,0.7988077905447197,,0.08406022967966897,0.7870358919355855,1.137854500181494,0.9955144099369426,-0.042601706837251334,-0.08447576091669183,0.018364126733972197,-0.788891761625784,0.6142577205768488,-0.09281065917878072,-0.6130537358286957,-0.7845707734355647,,0.1347320956133119,0.6116516212248945,-0.4622481632743738,0.996842760985045,-0.07098846166729164,-0.035568921572405,-0.03456445609099337,-0.7912591612642774,0.6105032662406368,-0.07148292276373584,-0.6073463410818111,-0.7912146445356596,,0.0,0.0,0.045,1.0,0.0,0.0,0.0,1.0,0.0,0.0,0.0,1.0,,-0.019501160741314527,-0.1568017533185176,0.2605595468860936,False,,0.07352698457475627,0.5159460205797481,-0.3416189441567208,-0.6567984799371012,-0.2339573923187919,-0.7168540265156529,0.6306706783183742,0.3506961963631,-0.6922908878252665,0.4133645512882729,-0.9067944179558258,-0.08278666137971669,False,,0.0,0.0,0.0,0.0,0.0,0.0
12:01:46.507347,,-0.4457484187673645,-0.03486813892712366,0.12508550355,-2.3385223317031354,0.23474756979140074,0.9123947879936558,,0.015514100636055184,0.5862663605112353,-0.42459689906821196,-0.9927139041301931,-0.11989615542500086,0.012000685851010865,0.01584815987724556,-0.22864720127301977,-0.9733803435340787,0.119448484189193,-0.9660980122452999,0.22888138928402407,,0.00612629764577644,0.2832069157694878,-0.13018744671853716,-0.2565847944544343,-0.9575365058582386,0.131484154235736,0.798497841044735,-0.13335874881367715,0.5870405791538293,-0.5445782227680321,0.2556154996770768,0.7988086599575429,,0.08406022967966897,0.7870358919355855,1.137854500181494,0.9955144099369426,-0.042601706837251334,-0.08447576091669183,0.018364126733972197,-0.788891761625784,0.6142577205768488,-0.09281065917878072,-0.6130537358286957,-0.7845707734355647,,0.1347320956133119,0.6116516212248945,-0.4622481632743738,0.996842760985045,-0.07098846166729164,-0.035568921572405,-0.03456445609099337,-0.7912591612642774,0.6105032662406368,-0.07148292276373584,-0.6073463410818111,-0.7912146445356596,,0.0,0.0,0.045,1.0,0.0,0.0,0.0,1.0,0.0,0.0,0.0,1.0,,-0.019501160741314527,-0.1568017533185176,0.2605595468860936,False,,0.0684041663562407,0.5137881432576886,-0.33957149713054136,-0.6907002354095529,-0.2206196908954928,-0.6886654752449594,0.6002265096942889,0.3562289381504845,-0.7161208561998388,0.40331293292603465,-0.9079801185121598,-0.1136256244042001,False,,0.0,0.0,0.0,0.0,0.0,0.0
12:01:46.612565,,-0.4654182193980143,-0.03625050811160985,0.12757178777,-2.303716027833081,0.2724413224264771,0.9116141114755576,,0.012025534377665126,0.5843307687811751,-0.4281894915590819,-0.9952087491215263,-0.09055733176675049,0.03686346884455788,-0.01310713673231177,-0.2500595500482898,-0.9681417377617428,0.09689039497621782,-0.9639863023367778,0.24767450467987004,,0.00612212580588173,0.28320547560428005,-0.13018781941150803,-0.2565790629685304,-0.9575367221886859,0.1314937630378494,0.7985018253429423,-0.1333495738886339,0.5870372438604087,-0.5445750811244452,0.2556194758139194,0.7988095293713244,,0.08406022967966897,0.7870358919355855,1.137854500181494,0.9955144099369426,-0.042601706837251334,-0.08447576091669183,0.018364126733972197,-0.788891761625784,0.6142577205768488,-0.09281065917878072,-0.6130537358286957,-0.7845707734355647,,0.1347320956133119,0.6116516212248945,-0.4622481632743738,0.996842760985045,-0.07098846166729164,-0.035568921572405,-0.03456445609099337,-0.7912591612642774,0.6105032662406368,-0.07148292276373584,-0.6073463410818111,-0.7912146445356596,,0.0,0.0,0.045,1.0,0.0,0.0,0.0,1.0,0.0,0.0,0.0,1.0,,-0.019501160741314527,-0.1568017533185176,0.2605595468860936,False,,0.06423884582054981,0.5128641697645269,-0.33880827009165165,-0.725500431586686,-0.21427333406713447,-0.6540153377981948,0.565142999452321,0.3568428019891223,-0.7438256548671779,0.39276266871683,-0.9092580233224815,-0.137794532134361,False,,0.0,0.0,0.0,0.0,0.0,0.0
12:01:46.715851,,-0.4947414361214448,-0.038629109836871,0.12807734087,-2.2659742525522986,0.31281790443059804,0.9056852866104654,,0.01292618595749423,0.5847726217990877,-0.42601735403081387,-0.9943186780342437,-0.10310239232055535,0.026462486844836933,-0.0007381925518947836,-0.241919212176801,-0.9702961145194349,0.10644163463603525,-0.9648030843014209,0.24046868182462888,,0.006118288864539349,0.28320441785749706,-0.13018844702964055,-0.25657561549683694,-0.9575361805907505,0.13150443385311675,0.7985045936852448,-0.1333412311232851,0.5870353734461158,-0.544572646326377,0.25562585681643424,0.7988091473755683,,0.08406022967966897,0.7870358919355855,1.137854500181494,0.9955144099369426,-0.042601706837251334,-0.08447576091669183,0.018364126733972197,-0.788891761625784,0.6142577205768488,-0.09281065917878072,-0.6130537358286957,-0.7845707734355647,,0.1347320956133119,0.6116516212248945,-0.4622481632743738,0.996842760985045,-0.07098846166729164,-0.035568921572405,-0.03456445609099337,-0.7912591612642774,0.6105032662406368,-0.07148292276373584,-0.6073463410818111,-0.7912146445356596,,0.0,0.0,0.045,1.0,0.0,0.0,0.0,1.0,0.0,0.0,0.0,1.0,,-0.019501160741314527,-0.1568017533185176,0.2605595468860936,False,,0.060181837641061,0.5134911630518074,-0.34009385886247623,-0.7544255907210146,-0.2052606791225834,-0.6234661832620793,0.5368061899026978,0.3536709892100322,-0.7659999646692854,0.37773157472919505,-0.9125704822079956,-0.15663324185902988,False,,0.0,0.0,0.0,0.0,0.0,0.0
12:01:46.819113,,-0.5241882165708628,-0.03927009666543163,0.12646475611000002,-2.229280859918205,0.369023179712082,0.8991736975498295,,0.03237133405137488,0.5899457250715431,-0.41197609648921923,-0.9746506253503491,-0.20306208703135015,-0.09392522193024613,0.11231566475194507,-0.08100095718171443,-0.9903656074334242,0.19349767428964687,-0.9758097323485347,0.10175468686197829,,0.006112484199126969,0.28320496478706725,-0.1301897604006346,-0.2565995938233058,-0.9575346728513326,0.1314685910867927,0.7984757967434976,-0.13337125362787433,0.587067715366555,-0.5446035642278626,0.2556158263847548,0.7987912736360405,,0.08406022967966897,0.7870358919355855,1.137854500181494,0.9955144099369426,-0.042601706837251334,-0.08447576091669183,0.018364126733972197,-0.788891761625784,0.6142577205768488,-0.09281065917878072,-0.6130537358286957,-0.7845707734355647,,0.1347320956133119,0.6116516212248945,-0.4622481632743738,0.996842760985045,-0.07098846166729164,-0.035568921572405,-0.03456445609099337,-0.7912591612642774,0.6105032662406368,-0.07148292276373584,-0.6073463410818111,-0.7912146445356596,,0.0,0.0,0.045,1.0,0.0,0.0,0.0,1.0,0.0,0.0,0.0,1.0,,-0.019501160741314527,-0.1568017533185176,0.2605595468860936,False,,0.05652889633118592,0.5157877475126779,-0.3431988690654816,-0.789465166124677,-0.20533561870728553,-0.5784306658242048,0.49181398465258763,0.3522174192661809,-0.7962800349535433,0.3672380099824648,-0.913115640680614,-0.17707645458544596,False,,0.0,0.0,0.0,0.0,0.0,0.0
12:01:46.924440,,-0.5567318129028449,-0.04032038833632617,0.12273144091000002,-2.190490701990734,0.42308219149833026,0.886586143847356,,0.08063761688417287,0.5790236653399378,-0.3683071469408288,-0.8654632223395164,-0.2857405729326865,-0.41149208468426357,0.3450711099573919,0.2554458002122405,-0.9031463736442181,0.3631794871003521,-0.9236340011790537,-0.12247812872303879,,0.006110349001215135,0.2832063782001911,-0.13019031871593958,-0.2566258757711017,-0.9575340854982792,0.1314215455894207,0.7984448386466718,-0.13340920350128854,0.5871011937571452,-0.5446365643019464,0.25559821435516505,0.7987744070106688,,0.08406022967966897,0.7870358919355855,1.137854500181494,0.9955144099369426,-0.042601706837251334,-0.08447576091669183,0.018364126733972197,-0.788891761625784,0.6142577205768488,-0.09281065917878072,-0.6130537358286957,-0.7845707734355647,,0.1347320956133119,0.6116516212248945,-0.4622481632743738,0.996842760985045,-0.07098846166729164,-0.035568921572405,-0.03456445609099337,-0.7912591612642774,0.6105032662406368,-0.07148292276373584,-0.6073463410818111,-0.7912146445356596,,0.0,0.0,0.045,1.0,0.0,0.0,0.0,1.0,0.0,0.0,0.0,1.0,,-0.019501160741314527,-0.1568017533185176,0.2605595468860936,False,,0.054020251049989726,0.519290033213198,-0.34781434199331607,-0.8200429877062647,-0.20585511655823197,-0.5339973495258006,0.451037354243654,0.3418687597317919,-0.8244337791456214,0.3522709232830151,-0.9169238911197829,-0.1874987320039498,False,,0.0,0.0,0.0,0.0,0.0,0.0
12:01:47.022093,,-0.5948357769042686,-0.04119305715111354,0.11701350572000001,-2.149813455299224,0.4807630229327887,0.8654815324742984,,-0.03533414126886662,0.47175832222914194,-0.3526033061243218,-0.05339073612001375,-0.28333808419520634,0.9575327458323049,-0.7890444793375064,0.5996669445066694,0.13344798721988457,-0.612011632996928,-0.74841104061246,-0.2555830107143437,,0.006108548661599187,0.28320817396927045,-0.13019113196967516,-0.2566544401124004,-0.9575327399381677,0.13137556091603625,0.7984126635816087,-0.1334479863984393,0.5871361351915162,-0.5446702715331715,0.25558300914109067,0.7987562885106283,,0.08406022967966897,0.7870358919355855,1.137854500181494,0.9955144099369426,-0.042601706837251334,-0.08447576091669183,0.018364126733972197,-0.788891761625784,0.6142577205768488,-0.09281065917878072,-0.6130537358286957,-0.7845707734355647,,0.1347320956133119,0.6116516212248945,-0.4622481632743738,0.996842760985045,-0.07098846166729164,-0.035568921572405,-0.03456445609099337,-0.7912591612642774,0.6105032662406368,-0.07148292276373584,-0.6073463410818111,-0.7912146445356596,,0.0,0.0,0.045,1.0,0.0,0.0,0.0,1.0,0.0,0.0,0.0,1.0,,-0.019501160741314527,-0.1568017533185176,0.2605595468860936,True,,0.0521395836633603,0.524191155189578,-0.354071300053598,-0.8494983239643816,-0.20748201078115297,-0.4850812434880537,0.4092409756769764,0.32114093463930826,-0.8540435140705351,0.3329781095037079,-0.9240236551632222,-0.18789854520494742,False,,-0.7772822922349697,-0.20683714996787908,0.14630062637535216,-1.4831121080604104,0.8439071195469491,1.162441104676392
