System Time,q_des,q0,q1,q2,q3,q4,q5,T_des,Tx,Ty,Tz,R00,R01,R02,R10,R11,R12,R20,R21,R22,T_target,Tx,Ty,Tz,R00,R01,R02,R10,R11,R12,R20,R21,R22,worldFrame,Tx,Ty,Tz,R00,R01,R02,R10,R11,R12,R20,R21,R22,ECM_T_PSM_RCM,Tx,Ty,Tz,R00,R01,R02,R10,R11,R12,R20,R21,R22,psm3_T_cam,Tx,Ty,Tz,R00,R01,R02,R10,R11,R12,R20,R21,R22,offset,x,y,z,IK Trigered,ECM_T_PSM3,Tx,Ty,Tz,R00,R01,R02,R10,R11,R12,R20,R21,R22,solverSuccess,q_solverOutput,q0,q1,q2,q3,q4,q5
10:15:45.299279,,-0.18736122226156082,-0.3261078410798784,0.12969640708000002,-2.9052779905028823,-0.11871519958022266,1.2835717431232068,,0.16753751043086781,0.5407546470415425,-0.3532717736660137,-0.07251415566152812,-0.32465452189007293,-0.9430488527351187,0.752991681085012,0.6022146808688038,-0.265218789611242,0.6540223432310728,-0.7293400575605407,0.20079306509967895,,-0.025526190822843686,0.30243095705025747,-0.09156507411568998,0.3692883829941807,-0.85921889983303,0.35407481180572664,0.918778581333498,0.3947731530150765,-0.0002759372026669704,-0.139542139400068,0.32541825368017163,0.9352170611699722,,0.053760382454458404,0.7043618139362147,1.1529369854851188,0.9922617208217355,-0.0768032718529755,-0.09755990377489436,0.0046369851568879294,-0.7622647314724931,0.6472487756047307,-0.12407729752272777,-0.642692567707023,-0.7560099785410312,,0.0,0.0,0.0,1.0,0.0,0.0,0.0,1.0,0.0,0.0,0.0,1.0,,0.0,0.0,0.045,1.0,0.0,0.0,0.0,1.0,0.0,0.0,0.0,1.0,,-0.0005789313634909996,-0.18285425070962588,0.23380443500249326,True,,0.16753751043086781,0.5407546470415425,-0.3532717736660137,-0.25036834130504027,-0.18264660371369212,-0.9507659605938867,0.5684438592544887,0.7672142056934548,-0.2970756493858492,0.7837010096637784,-0.614835409466643,-0.08826180781039786,False,,0.0,0.0,0.0,0.0,0.0,0.0
10:15:45.778640,,-0.18790953629563076,-0.342055284465152,0.13026807097,-3.0665192415635576,-0.3615112574787571,1.1614021324474024,,0.16746659129783062,0.5406433440114022,-0.3535060237703598,-0.13063418146551775,-0.2765423682513594,-0.9520814194147283,0.7447330598488634,0.6065381677138533,-0.27835969656987114,0.6544519693613758,-0.7454097998203747,0.12671562701879194,,-0.02552673680850233,0.30243040929425286,-0.0915648635916834,0.3692906105063731,-0.8592189758228543,0.35407230415594587,0.9187781031151694,0.394774264232389,-0.0002784392429370508,-0.13953939307760505,0.3254167049772434,0.9352180098211498,,0.053760382454458404,0.7043618139362147,1.1529369854851188,0.9922617208217355,-0.0768032718529755,-0.09755990377489436,0.0046369851568879294,-0.7622647314724931,0.6472487756047307,-0.12407729752272777,-0.642692567707023,-0.7560099785410312,,0.1790848308425335,0.694859516026312,-0.4364195207033381,0.993018439526397,0.005066047999930115,-0.1178503878577497,0.08447698224224075,-0.7278404888452268,0.6805232268400437,-0.08232872057674515,-0.6857277579004687,-0.7231869909041455,,0.0,0.0,0.045,1.0,0.0,0.0,0.0,1.0,0.0,0.0,0.0,1.0,,-0.0005789313634909996,-0.18285425070962588,0.23380443500249326,False,,0.16746659129783062,0.5406433440114022,-0.3535060237703598,-0.07362380923481962,-0.3068730227958344,-0.9488985628579603,0.7428456810151655,0.6179654349336171,-0.2574859518972262,0.665402005490568,-0.7238422957436605,0.1824623303086891,False,,0.0,0.0,0.0,0.0,0.0,0.0
10:15:45.790147,,-0.18792498176137923,-0.3422560755198818,0.13026936726000002,-3.0665192415635576,-0.3615112574787571,1.161539895735503,,0.16746488594924835,0.5406255692910207,-0.35353657744551426,-0.13040758648583411,-0.27667299815898405,-0.9520745314714908,0.7447703857605408,0.6065329121376541,-0.2782712687071952,0.6544546843602198,-0.7453656006172646,0.12696136237229597,,-0.02552691465283908,0.3024294475296292,-0.09156477687038322,0.36929321719462366,-0.8592182105107783,0.3540714425567155,0.9187776180604671,0.39477538998490486,-0.0002828195426196056,-0.13953568811838743,0.325417359958585,0.9352183346964524,,0.053760382454458404,0.7043618139362147,1.1529369854851188,0.9922617208217355,-0.0768032718529755,-0.09755990377489436,0.0046369851568879294,-0.7622647314724931,0.6472487756047307,-0.12407729752272777,-0.642692567707023,-0.7560099785410312,,0.1790848308425335,0.694859516026312,-0.4364195207033381,0.993018439526397,0.005066047999930115,-0.1178503878577497,0.08447698224224075,-0.7278404888452268,0.6805232268400437,-0.08232872057674515,-0.6857277579004687,-0.7231869909041455,,0.0,0.0,0.045,1.0,0.0,0.0,0.0,1.0,0.0,0.0,0.0,1.0,,-0.0005789313634909996,-0.18285425070962588,0.23380443500249326,False,,0.16746488594924835,0.5406255692910207,-0.35353657744551426,-0.07363739821930831,-0.3067279273931315,-0.9489444199428148,0.7427123126961778,0.6181458485244962,-0.25743762452568175,0.6655493626719107,-0.7237497416296912,0.18229195631724732,False,,0.0,0.0,0.0,0.0,0.0,0.0
10:15:45.801958,,-0.18793270449425345,-0.34251864843760543,0.13027325613000001,-3.0663095650342194,-0.3613771160103049,1.1616785577714417,,0.1674655158726955,0.540609970208819,-0.3535590128824141,-0.13020760175566587,-0.2767241430643492,-0.9520870386106196,0.7448032947181639,0.606547042012817,-0.27815236472564797,0.6544570517780413,-0.7453351155492431,0.12712801778990587,,-0.025527006688206677,0.3024295510318108,-0.09156474591973444,0.3692931223989429,-0.8592184208363541,0.3540710310429529,0.9187776197687333,0.3947753863529107,-0.0002823499769530058,-0.13953592777646479,0.32541680903863957,0.9352184906395775,,0.053760382454458404,0.7043618139362147,1.1529369854851188,0.9922617208217355,-0.0768032718529755,-0.09755990377489436,0.0046369851568879294,-0.7622647314724931,0.6472487756047307,-0.12407729752272777,-0.642692567707023,-0.7560099785410312,,0.1790848308425335,0.694859516026312,-0.4364195207033381,0.993018439526397,0.005066047999930115,-0.1178503878577497,0.08447698224224075,-0.7278404888452268,0.6805232268400437,-0.08232872057674515,-0.6857277579004687,-0.7231869909041455,,0.0,0.0,0.045,1.0,0.0,0.0,0.0,1.0,0.0,0.0,0.0,1.0,,-0.0005789313634909996,-0.18285425070962588,0.23380443500249326,False,,0.1674655158726955,0.540609970208819,-0.3535590128824141,-0.07366051868894055,-0.30673636973581886,-0.9489398966571947,0.742524466391885,0.6183409550841497,-0.25751093195254515,0.6657563704508751,-0.7235794792190509,0.1822119437829595,False,,0.0,0.0,0.0,0.0,0.0,0.0
10:15:45.813769,,-0.18793270449425345,-0.34258043030059926,0.13027455242000002,-3.0648418293288557,-0.3613771160103049,1.1619540843476428,,0.16746390755773038,0.5405992320328803,-0.35357647995188046,-0.13002457239448215,-0.27683572991690053,-0.9520796128554633,0.7448333859577301,0.606541065355234,-0.2780848129626658,0.6544591948596759,-0.7452985406393298,0.12733125140557675,,-0.025527059418938354,0.3024291456255383,-0.09156471742139911,0.3692941840328473,-0.8592180726480926,0.354070768703877,0.918777425402464,0.3947758373806477,-0.00028419600955686963,-0.13953439786116134,0.32541718121735574,0.9352185893994075,,0.053760382454458404,0.7043618139362147,1.1529369854851188,0.9922617208217355,-0.0768032718529755,-0.09755990377489436,0.0046369851568879294,-0.7622647314724931,0.6472487756047307,-0.12407729752272777,-0.642692567707023,-0.7560099785410312,,0.1790848308425335,0.694859516026312,-0.4364195207033381,0.993018439526397,0.005066047999930115,-0.1178503878577497,0.08447698224224075,-0.7278404888452268,0.6805232268400437,-0.08232872057674515,-0.6857277579004687,-0.7231869909041455,,0.0,0.0,0.045,1.0,0.0,0.0,0.0,1.0,0.0,0.0,0.0,1.0,,-0.0005789313634909996,-0.18285425070962588,0.23380443500249326,False,,0.16746390755773038,0.5405992320328803,-0.35357647995188046,-0.07386307874928288,-0.3065223719678337,-0.9489932987544699,0.7424493472791683,0.6184209274899548,-0.25753547943380817,0.665817702019415,-0.7236018186307145,0.1818988613265855,False,,0.0,0.0,0.0,0.0,0.0,0.0
10:15:45.825418,,-0.18793270449425345,-0.34261132123209614,0.13027584871,-3.0616966813887907,-0.3613771160103049,1.162574019144095,,0.1674586041648161,0.5405929849264524,-0.3535861082381486,-0.12959943516665778,-0.27710347534261504,-0.9520596884426564,0.7449031795971622,0.6065247707060515,-0.27793336529824825,0.6544640856689702,-0.7452122962438398,0.12780999216204686,,-0.025527056926739553,0.30242867811804947,-0.09156470749183251,0.3692953025511482,-0.859217598268807,0.35407075327471704,0.9187772300122407,0.3947762905943232,-0.0002863237802493701,-0.13953272415593607,0.32541788395147575,0.9352185945969284,,0.053760382454458404,0.7043618139362147,1.1529369854851188,0.9922617208217355,-0.0768032718529755,-0.09755990377489436,0.0046369851568879294,-0.7622647314724931,0.6472487756047307,-0.12407729752272777,-0.642692567707023,-0.7560099785410312,,0.1790848308425335,0.694859516026312,-0.4364195207033381,0.993018439526397,0.005066047999930115,-0.1178503878577497,0.08447698224224075,-0.7278404888452268,0.6805232268400437,-0.08232872057674515,-0.6857277579004687,-0.7231869909041455,,0.0,0.0,0.045,1.0,0.0,0.0,0.0,1.0,0.0,0.0,0.0,1.0,,-0.0005789313634909996,-0.18285425070962588,0.23380443500249326,False,,0.1674586041648161,0.5405929849264524,-0.3535861082381486,-0.07523006193280365,-0.30572776375575794,-0.949142229726657,0.7424209651472221,0.618263940896974,-0.2579938175546274,0.6656962883263313,-0.7240719811285661,0.18046666687535315,False,,0.0,0.0,0.0,0.0,0.0,0.0
10:15:45.837886,,-0.18792498176137923,-0.3426190439649704,0.13027584871,-3.057503150802037,-0.3613771160103049,1.1634005988726974,,0.1674324428709671,0.540588762537672,-0.3535948966958076,-0.12778054034038808,-0.27835591257840364,-0.9519401869040734,0.7452001771304306,0.6064252761872131,-0.27735370991936814,0.6544836357886217,-0.744826402817399,0.12994152589145794,,-0.02552727532239666,0.30242845901620347,-0.09156462328425824,0.36929619354894194,-0.85921762866245,0.35406975020696885,0.9187770387133243,0.39477673508381794,-0.00028732459386271447,-0.13953162562345361,0.3254172644742807,0.9352189740475966,,0.053760382454458404,0.7043618139362147,1.1529369854851188,0.9922617208217355,-0.0768032718529755,-0.09755990377489436,0.0046369851568879294,-0.7622647314724931,0.6472487756047307,-0.12407729752272777,-0.642692567707023,-0.7560099785410312,,0.1790848308425335,0.694859516026312,-0.4364195207033381,0.993018439526397,0.005066047999930115,-0.1178503878577497,0.08447698224224075,-0.7278404888452268,0.6805232268400437,-0.08232872057674515,-0.6857277579004687,-0.7231869909041455,,0.0,0.0,0.045,1.0,0.0,0.0,0.0,1.0,0.0,0.0,0.0,1.0,,-0.0005789313634909996,-0.18285425070962588,0.23380443500249326,False,,0.1674324428709671,0.540588762537672,-0.3535948966958076,-0.08204313361472676,-0.3016837392446331,-0.9498714890457827,0.7424454500592349,0.617313889013793,-0.2601890007609978,0.664863653626077,-0.7265744861375485,0.17333735368044928,False,,0.0,0.0,0.0,0.0,0.0,0.0
10:15:45.849375,,-0.187917259028505,-0.3425958757663477,0.13027584871,-3.052261237568595,-0.3613771160103049,1.16415829695725,,0.16741395700668546,0.5405907230284098,-0.35359384597561716,-0.12653434950766684,-0.27915384844022845,-0.9518729890566711,0.7454021591014194,0.6063759653371706,-0.2769184173513142,0.6544957445252139,-0.7445678730394054,0.13135449301779423,,-0.02552727532239666,0.30242845901620347,-0.09156462328425823,0.36929619354894194,-0.85921762866245,0.35406975020696885,0.9187770387133243,0.39477673508381794,-0.00028732459386274223,-0.1395316256234536,0.32541726447428077,0.9352189740475966,,0.053760382454458404,0.7043618139362147,1.1529369854851188,0.9922617208217355,-0.0768032718529755,-0.09755990377489436,0.0046369851568879294,-0.7622647314724931,0.6472487756047307,-0.12407729752272777,-0.642692567707023,-0.7560099785410312,,0.1790848308425335,0.694859516026312,-0.4364195207033381,0.993018439526397,0.005066047999930115,-0.1178503878577497,0.08447698224224075,-0.7278404888452268,0.6805232268400437,-0.08232872057674515,-0.6857277579004687,-0.7231869909041455,,0.0,0.0,0.045,1.0,0.0,0.0,0.0,1.0,0.0,0.0,0.0,1.0,,-0.0005789313634909996,-0.18285425070962588,0.23380443500249326,False,,0.16741395700668546,0.5405907230284098,-0.35359384597561716,-0.08690271632377708,-0.2990463905346059,-0.9502732102946884,0.7424825446788299,0.6165362596318512,-0.26192119312193085,0.6642044781110698,-0.7283229344647815,0.16845804934704398,False,,0.0,0.0,0.0,0.0,0.0,0.0
10:15:45.862566,,-0.18790181356275654,-0.3425340939033539,0.130277145,-3.035277438692243,-0.3613771160103049,1.1657425747704049,,0.16738684234922324,0.5405926388898393,-0.3535940993360386,-0.12472069326285697,-0.28021554601195164,-0.9518003973760761,0.7456939350201804,0.6063349824601442,-0.27622173035294584,0.654511500239798,-0.744202349377023,0.13333251379752925,,-0.02552749371807991,0.3024282399143746,-0.09156453907670789,0.36929708454584353,-0.8592176590560949,0.35406874713842856,0.9187768474139448,0.3947771795742815,-0.0002883254069570851,-0.13953052709032832,0.3254166449977811,0.9352193534975394,,0.053760382454458404,0.7043618139362147,1.1529369854851188,0.9922617208217355,-0.0768032718529755,-0.09755990377489436,0.0046369851568879294,-0.7622647314724931,0.6472487756047307,-0.12407729752272777,-0.642692567707023,-0.7560099785410312,,0.1790848308425335,0.694859516026312,-0.4364195207033381,0.993018439526397,0.005066047999930115,-0.1178503878577497,0.08447698224224075,-0.7278404888452268,0.6805232268400437,-0.08232872057674515,-0.6857277579004687,-0.7231869909041455,,0.0,0.0,0.045,1.0,0.0,0.0,0.0,1.0,0.0,0.0,0.0,1.0,,-0.0005789313634909996,-0.18285425070962588,0.23380443500249326,False,,0.16738684234922324,0.5405926388898393,-0.3535940993360386,-0.09389582908958691,-0.29554458354086,-0.9507034092813798,0.7425085820965719,0.6153485082553105,-0.26462656499471526,0.6632228726397464,-0.7307527711392025,0.16166573130957293,False,,0.0,0.0,0.0,0.0,0.0,0.0
10:15:45.874034,,-0.18790181356275654,-0.34248775750610855,0.13027844129000002,-3.027938760165424,-0.3613771160103049,1.1667757994311583,,0.16735253793147448,0.5405945608348515,-0.3535926220539136,-0.12245035203204552,-0.28149165477906535,-0.9517186346693919,0.7460555403824743,0.6063019371589713,-0.2753163483374952,0.6545281063115947,-0.7437475440544474,0.1357665229765254,,-0.02552727532183524,0.3024284590167694,-0.09156462328447589,0.3692961935531974,-0.8592176286601051,0.35406975020821996,0.9187770387110886,0.39477673508902156,-0.0002873245925591461,-0.13953162562691074,0.3254172644741585,0.935218974047123,,0.053760382454458404,0.7043618139362147,1.1529369854851188,0.9922617208217355,-0.0768032718529755,-0.09755990377489436,0.0046369851568879294,-0.7622647314724931,0.6472487756047307,-0.12407729752272777,-0.642692567707023,-0.7560099785410312,,0.1790848308425335,0.694859516026312,-0.4364195207033381,0.993018439526397,0.005066047999930115,-0.1178503878577497,0.08447698224224075,-0.7278404888452268,0.6805232268400437,-0.08232872057674515,-0.6857277579004687,-0.7231869909041455,,0.0,0.0,0.045,1.0,0.0,0.0,0.0,1.0,0.0,0.0,0.0,1.0,,-0.0005789313634909996,-0.18285425070962588,0.23380443500249326,False,,0.16735253793147448,0.5405945608348515,-0.3535926220539136,-0.10262713478890476,-0.2912514869559351,-0.9511257764097117,0.7425132359282172,0.613843066794808,-0.2680872690363211,0.6619227792397148,-0.7337365063112927,0.15326112889337076,False,,0.0,0.0,0.0,0.0,0.0,0.0
10:15:45.885487,,-0.18790181356275654,-0.34246458930748586,0.130277145,-3.0229065234613204,-0.3613771160103049,1.1678779057359616,,0.16732479480366763,0.5405970967730069,-0.3535890851608905,-0.12069670991412924,-0.28257940139131765,-0.9516202951415176,0.746332080437431,0.6062491295263616,-0.2746823959748142,0.6545385625964603,-0.7433780161249411,0.1377257972070094,,-0.025526838533038637,0.3024288972230311,-0.09156479170575041,0.3692944115586222,-0.8592175678527586,0.3540717563390913,0.9187774212875485,0.3947758461143457,-0.0002853229622014064,-0.13953382269565073,0.3254185034231771,0.9352182151273819,,0.053760382454458404,0.7043618139362147,1.1529369854851188,0.9922617208217355,-0.0768032718529755,-0.09755990377489436,0.0046369851568879294,-0.7622647314724931,0.6472487756047307,-0.12407729752272777,-0.642692567707023,-0.7560099785410312,,0.1790848308425335,0.694859516026312,-0.4364195207033381,0.993018439526397,0.005066047999930115,-0.1178503878577497,0.08447698224224075,-0.7278404888452268,0.6805232268400437,-0.08232872057674515,-0.6857277579004687,-0.7231869909041455,,0.0,0.0,0.045,1.0,0.0,0.0,0.0,1.0,0.0,0.0,0.0,1.0,,-0.0005789313634909996,-0.18285425070962588,0.23380443500249326,False,,0.16732479480366763,0.5405970967730069,-0.3535890851608905,-0.10940919517230466,-0.28751367026073515,-0.9515069718215152,0.7425016684415059,0.61278067605938,-0.270538565475958,0.6608486213750686,-0.7360949208229943,0.14643553928353928,False,,0.0,0.0,0.0,0.0,0.0,0.0
10:15:45.898627,,-0.18790181356275654,-0.34246458930748586,0.130277145,-3.019761375521255,-0.36124297454185267,1.1687742658564533,,0.16729439195406162,0.5405988126273242,-0.35359193954003987,-0.11868666203473825,-0.2840444162644952,-0.9514369373973316,0.7466460882127929,0.6061282476789095,-0.2740951774880921,0.6545480083321513,-0.7429181091847583,0.14014131380059675,,-0.02552596246215777,0.3024293061261482,-0.09156511861475808,0.36929196607688514,-0.8592169718705328,0.35407575316739887,0.9187779910655812,0.3947745213807325,-0.0002834474698978906,-0.1395365431165732,0.32542168406331756,0.9352167024903004,,0.053760382454458404,0.7043618139362147,1.1529369854851188,0.9922617208217355,-0.0768032718529755,-0.09755990377489436,0.0046369851568879294,-0.7622647314724931,0.6472487756047307,-0.12407729752272777,-0.642692567707023,-0.7560099785410312,,0.1790848308425335,0.694859516026312,-0.4364195207033381,0.993018439526397,0.005066047999930115,-0.1178503878577497,0.08447698224224075,-0.7278404888452268,0.6805232268400437,-0.08232872057674515,-0.6857277579004687,-0.7231869909041455,,0.0,0.0,0.045,1.0,0.0,0.0,0.0,1.0,0.0,0.0,0.0,1.0,,-0.0005789313634909996,-0.18285425070962588,0.23380443500249326,False,,0.16729439195406162,0.5405988126273242,-0.35359193954003987,-0.11697503168677462,-0.28253445440081143,-0.9520982743594875,0.742352773490486,0.6119564787471681,-0.2728032767588214,0.6597190323560942,-0.7387039665493904,0.13815660733868665,False,,0.0,0.0,0.0,0.0,0.0,0.0
10:15:45.909954,,-0.18790181356275654,-0.3424723120403601,0.130277145,-3.016825904110527,-0.36124297454185267,1.1698074905172064,,0.16728347653892925,0.5405980330274627,-0.35359494376340783,-0.11795080474093854,-0.28465747337749214,-0.9513452215212453,0.7467602513600815,0.6060626389298126,-0.2739291964761324,0.6545507884416555,-0.7427369659198161,0.14108531038571348,,-0.025525307277561488,0.30242996343513756,-0.0915653712442416,0.3692892930729179,-0.8592168806644062,0.35407876235457675,0.918778564934062,0.3947731879393732,-0.0002804450150519222,-0.13953983870897496,0.3254235424996608,0.9352155641067792,,0.053760382454458404,0.7043618139362147,1.1529369854851188,0.9922617208217355,-0.0768032718529755,-0.09755990377489436,0.0046369851568879294,-0.7622647314724931,0.6472487756047307,-0.12407729752272777,-0.642692567707023,-0.7560099785410312,,0.1790848308425335,0.694859516026312,-0.4364195207033381,0.993018439526397,0.005066047999930115,-0.1178503878577497,0.08447698224224075,-0.7278404888452268,0.6805232268400437,-0.08232872057674515,-0.6857277579004687,-0.7231869909041455,,0.0,0.0,0.045,1.0,0.0,0.0,0.0,1.0,0.0,0.0,0.0,1.0,,-0.0005789313634909996,-0.18285425070962588,0.23380443500249326,False,,0.16728347653892925,0.5405980330274627,-0.35359494376340783,-0.11968455318170904,-0.28043562876000083,-0.9523819957620356,0.7423139343016057,0.6117309487705395,-0.2734140984989022,0.6592765964838783,-0.7396898704445527,0.13495652963215568,False,,0.0,0.0,0.0,0.0,0.0,0.0
10:15:45.921339,,-0.18790181356275654,-0.342503202971857,0.130277145,-3.0149388153464884,-0.36124297454185267,1.1707718335339095,,0.16727658407337478,0.5405953643924896,-0.35360089396244043,-0.11744867750555715,-0.28514446277612915,-0.9512615011132892,0.7468379094208769,0.6059983472001529,-0.27385970905289636,0.6545524770437048,-0.7426026114543334,0.14178299001345193,,-0.025524431207088867,0.30243037233863684,-0.09156569815374727,0.36928684757409463,-0.8592162846733639,0.3540827591705136,0.9187791347137938,0.3947718632254777,-0.00027856951116783657,-0.13954255911468438,0.32542672314747184,0.9352140514546063,,0.053760382454458404,0.7043618139362147,1.1529369854851188,0.9922617208217355,-0.0768032718529755,-0.09755990377489436,0.0046369851568879294,-0.7622647314724931,0.6472487756047307,-0.12407729752272777,-0.642692567707023,-0.7560099785410312,,0.1790848308425335,0.694859516026312,-0.4364195207033381,0.993018439526397,0.005066047999930115,-0.1178503878577497,0.08447698224224075,-0.7278404888452268,0.6805232268400437,-0.08232872057674515,-0.6857277579004687,-0.7231869909041455,,0.0,0.0,0.045,1.0,0.0,0.0,0.0,1.0,0.0,0.0,0.0,1.0,,-0.0005789313634909996,-0.18285425070962588,0.23380443500249326,False,,0.16727658407337478,0.5405953643924896,-0.35360089396244043,-0.12142753843705847,-0.2787988202599385,-0.9526418900776845,0.7422698065451871,0.611688590315619,-0.2736285854384761,0.6590075016268686,-0.7403433570306128,0.1326681065673109,False,,0.0,0.0,0.0,0.0,0.0,0.0
10:15:45.934709,,-0.18790181356275654,-0.3425958757663477,0.13027584871,-3.0147291388171507,-0.3609746916049482,1.1715313291141392,,0.16727665976657086,0.5405910015771589,-0.35360799450845415,-0.11727284511590122,-0.2853523002399896,-0.9512208705375259,0.7468650566443253,0.6059651426214089,-0.27385914827057434,0.6545530283805053,-0.7425498708339815,0.1420564055660529,,-0.02552421530664618,0.3024310589492384,-0.09156579229509551,0.36928483803350054,-0.8592167286561438,0.35408377764483245,0.9187795213734966,0.39477096553852453,-0.0002754409171730199,-0.1395453313389201,0.32542663990590104,0.9352136667822468,,0.053760382454458404,0.7043618139362147,1.1529369854851188,0.9922617208217355,-0.0768032718529755,-0.09755990377489436,0.0046369851568879294,-0.7622647314724931,0.6472487756047307,-0.12407729752272777,-0.642692567707023,-0.7560099785410312,,0.1790848308425335,0.694859516026312,-0.4364195207033381,0.993018439526397,0.005066047999930115,-0.1178503878577497,0.08447698224224075,-0.7278404888452268,0.6805232268400437,-0.08232872057674515,-0.6857277579004687,-0.7231869909041455,,0.0,0.0,0.045,1.0,0.0,0.0,0.0,1.0,0.0,0.0,0.0,1.0,,-0.0005789313634909996,-0.18285425070962588,0.23380443500249326,False,,0.16727665976657086,0.5405910015771589,-0.35360799450845415,-0.12183256391247874,-0.278135665378233,-0.9527840143574617,0.7421482157263062,0.6118849562191506,-0.27351933432016945,0.6590696869563737,-0.7404305180077981,0.13187037475465066,False,,0.0,0.0,0.0,0.0,0.0,0.0
10:15:45.946395,,-0.18790181356275654,-0.3426653803622157,0.13027584871,-3.0153581684051636,-0.360840550136496,1.1715322278619777,,0.16727667033252216,0.5405866570333595,-0.3536178174283016,-0.11724340082489126,-0.2854220705122828,-0.9512035673963251,0.7468696002586539,0.6059495172918464,-0.27388132959962164,0.6545531186790666,-0.7425358066506014,0.1421294855730087,,-0.02552443370014998,0.3024308398456656,-0.09156570808323514,0.36928572904237633,-0.8592167590632985,0.3540827745893043,0.9187793300922608,0.3947714100155175,-0.0002764417385699991,-0.13954423281280814,0.32542602042488816,0.93521404625335,,0.053760382454458404,0.7043618139362147,1.1529369854851188,0.9922617208217355,-0.0768032718529755,-0.09755990377489436,0.0046369851568879294,-0.7622647314724931,0.6472487756047307,-0.12407729752272777,-0.642692567707023,-0.7560099785410312,,0.1790848308425335,0.694859516026312,-0.4364195207033381,0.993018439526397,0.005066047999930115,-0.1178503878577497,0.08447698224224075,-0.7278404888452268,0.6805232268400437,-0.08232872057674515,-0.6857277579004687,-0.7231869909041455,,0.0,0.0,0.045,1.0,0.0,0.0,0.0,1.0,0.0,0.0,0.0,1.0,,-0.0005789313634909996,-0.18285425070962588,0.23380443500249326,False,,0.16727667033252216,0.5405866570333595,-0.3536178174283016,-0.12165801072155519,-0.27802544585837163,-0.9528384857270027,0.7420257714709263,0.6121103785175983,-0.27334710348569513,0.6592397764851956,-0.7402855773053372,0.13183391495913727,False,,0.0,0.0,0.0,0.0,0.0,0.0
10:15:45.958609,,-0.18790181356275654,-0.342742607690958,0.13027455242000002,-3.0157775214638387,-0.360840550136496,1.1716011095060281,,0.16728152380916675,0.5405745808302872,-0.35364135655736273,-0.11731266957216355,-0.28539512342599255,-0.9512031124226386,0.7468589101632563,0.6059467766408465,-0.27391654237800406,0.6545529053236303,-0.7425484007142095,0.14206465686145958,,-0.025524872980928655,0.3024308691466221,-0.09156554959119335,0.36928639252972495,-0.8592172942597028,0.354080783894161,0.9187791429000135,0.3947718457632059,-0.00027631560643343045,-0.139543709460458,0.32542407873947066,0.935214799985687,,0.053760382454458404,0.7043618139362147,1.1529369854851188,0.9922617208217355,-0.0768032718529755,-0.09755990377489436,0.0046369851568879294,-0.7622647314724931,0.6472487756047307,-0.12407729752272777,-0.642692567707023,-0.7560099785410312,,0.1790848308425335,0.694859516026312,-0.4364195207033381,0.993018439526397,0.005066047999930115,-0.1178503878577497,0.08447698224224075,-0.7278404888452268,0.6805232268400437,-0.08232872057674515,-0.6857277579004687,-0.7231869909041455,,0.0,0.0,0.045,1.0,0.0,0.0,0.0,1.0,0.0,0.0,0.0,1.0,,-0.0005789313634909996,-0.18285425070962588,0.23380443500249326,False,,0.16728152380916675,0.5405745808302872,-0.35364135655736273,-0.12071631395090435,-0.2783729725015535,-0.9528567886764286,0.7418517500625714,0.6125090059260101,-0.2729261779101282,0.6596086358403798,-0.7398251184166298,0.132571647363277,False,,0.0,0.0,0.0,0.0,0.0,0.0
10:15:45.969943,,-0.18790181356275654,-0.34280438955395176,0.13027455242000002,-3.016406551051852,-0.360840550136496,1.1716011095060281,,0.16728415818586334,0.5405694689461329,-0.3536505066695246,-0.11739662207651456,-0.2853514813813887,-0.9512058479627167,0.7468459489182255,0.6059466210253589,-0.27395222403255853,0.6545526424279862,-0.7425652998500514,0.1419775114204496,,-0.02552531226173073,0.30243089844761195,-0.09156539109921895,0.36928705601676604,-0.8592178294538502,0.3540787931983085,0.9187789557098434,0.3947722815114949,-0.00027618947328800214,-0.13954318610697516,0.32542213705356576,0.9352155537159819,,0.053760382454458404,0.7043618139362147,1.1529369854851188,0.9922617208217355,-0.0768032718529755,-0.09755990377489436,0.0046369851568879294,-0.7622647314724931,0.6472487756047307,-0.12407729752272777,-0.642692567707023,-0.7560099785410312,,0.1790848308425335,0.694859516026312,-0.4364195207033381,0.993018439526397,0.005066047999930115,-0.1178503878577497,0.08447698224224075,-0.7278404888452268,0.6805232268400437,-0.08232872057674515,-0.6857277579004687,-0.7231869909041455,,0.0,0.0,0.045,1.0,0.0,0.0,0.0,1.0,0.0,0.0,0.0,1.0,,-0.0005789313634909996,-0.18285425070962588,0.23380443500249326,False,,0.16728415818586334,0.5405694689461329,-0.3536505066695246,-0.12014020701739148,-0.2786121731667374,-0.9528596893672888,0.7418184877036518,0.6126627696696835,-0.27267134422549666,0.6597512121693186,-0.7396077255031752,0.1330742289744129,False,,0.0,0.0,0.0,0.0,0.0,0.0
10:15:45.981668,,-0.18790181356275654,-0.34286617141694553,0.13027584871,-3.01661622758119,-0.360840550136496,1.1716011095060281,,0.16728514746833906,0.5405631837913552,-0.35365933180837134,-0.11737514751034331,-0.28534921048819073,-0.9512091793189821,0.7468492648553261,0.6059505293897243,-0.2739345387448833,0.6545527101250014,-0.7425629831913783,0.14198931530906345,,-0.025525530655295933,0.30243067934410706,-0.09156530688743716,0.3692879470225042,-0.8592178598591274,0.3540777901409196,0.9187787644293595,0.3947727259921502,-0.00027719029262820993,-0.13954208757803377,0.32542151757359217,0.935215933184704,,0.053760382454458404,0.7043618139362147,1.1529369854851188,0.9922617208217355,-0.0768032718529755,-0.09755990377489436,0.0046369851568879294,-0.7622647314724931,0.6472487756047307,-0.12407729752272777,-0.642692567707023,-0.7560099785410312,,0.1790848308425335,0.694859516026312,-0.4364195207033381,0.993018439526397,0.005066047999930115,-0.1178503878577497,0.08447698224224075,-0.7278404888452268,0.6805232268400437,-0.08232872057674515,-0.6857277579004687,-0.7231869909041455,,0.0,0.0,0.045,1.0,0.0,0.0,0.0,1.0,0.0,0.0,0.0,1.0,,-0.0005789313634909996,-0.18285425070962588,0.23380443500249326,False,,0.16728514746833906,0.5405631837913552,-0.35365933180837134,-0.11995101276212905,-0.27869190179323244,-0.9528602092711246,0.7417799825861257,0.6127437950693192,-0.27259401871386624,0.6598289262921618,-0.7395105580577737,0.13322883527680285,False,,0.0,0.0,0.0,0.0,0.0,0.0
10:15:45.993837,,-0.18790953629563076,-0.34295112147856205,0.13027455242000002,-3.016825904110527,-0.360840550136496,1.1716011095060281,,0.16728614692774332,0.5405593373104441,-0.3536663588215384,-0.11737662528226551,-0.2853485187246755,-0.951209204486048,0.7468490366807408,0.6059505046623578,-0.2739352155318547,0.65455270547634,-0.7425632691973578,0.14198784100244694,,-0.025525746555919174,0.3024299927336432,-0.09156521274620706,0.3692899565538712,-0.8592174158771132,0.3540767716611292,0.9187783777651547,0.3947736236891042,-0.00028031888245153014,-0.1395393153478342,0.325421600820998,0.9352163178534838,,0.053760382454458404,0.7043618139362147,1.1529369854851188,0.9922617208217355,-0.0768032718529755,-0.09755990377489436,0.0046369851568879294,-0.7622647314724931,0.6472487756047307,-0.12407729752272777,-0.642692567707023,-0.7560099785410312,,0.1790848308425335,0.694859516026312,-0.4364195207033381,0.993018439526397,0.005066047999930115,-0.1178503878577497,0.08447698224224075,-0.7278404888452268,0.6805232268400437,-0.08232872057674515,-0.6857277579004687,-0.7231869909041455,,0.0,0.0,0.045,1.0,0.0,0.0,0.0,1.0,0.0,0.0,0.0,1.0,,-0.0005789313634909996,-0.18285425070962588,0.23380443500249326,False,,0.16728614692774332,0.5405593373104441,-0.3536663588215384,-0.11976074221719035,-0.2787716074298152,-0.9528608269388477,0.7417517209536895,0.6128136575230003,-0.2725138631620838,0.6598952561473885,-0.739422620728011,0.13338830109830613,False,,0.0,0.0,0.0,0.0,0.0,0.0
10:15:46.005161,,-0.18790953629563076,-0.34298201241005893,0.13027455242000002,-3.01661622758119,-0.360840550136496,1.1716011095060281,,0.16728512899579515,0.5405573355705917,-0.35367298284246207,-0.11733736877348211,-0.28537857217980284,-0.9512050317517948,0.7468550974802616,0.6059477992828013,-0.2739246756173653,0.6545528284692266,-0.7425539273917733,0.14203612096219853,,-0.02552618334686394,0.30242955452815734,-0.09156504432847101,0.3692917385529596,-0.8592174766741918,0.3540747655339557,0.918777995182366,0.3947745126493801,-0.0002823205179948718,-0.13953711828385684,0.3254203618611434,0.935217076769323,,0.053760382454458404,0.7043618139362147,1.1529369854851188,0.9922617208217355,-0.0768032718529755,-0.09755990377489436,0.0046369851568879294,-0.7622647314724931,0.6472487756047307,-0.12407729752272777,-0.642692567707023,-0.7560099785410312,,0.1790848308425335,0.694859516026312,-0.4364195207033381,0.993018439526397,0.005066047999930115,-0.1178503878577497,0.08447698224224075,-0.7278404888452268,0.6805232268400437,-0.08232872057674515,-0.6857277579004687,-0.7231869909041455,,0.0,0.0,0.045,1.0,0.0,0.0,0.0,1.0,0.0,0.0,0.0,1.0,,-0.0005789313634909996,-0.18285425070962588,0.23380443500249326,False,,0.16728512899579515,0.5405573355705917,-0.35367298284246207,-0.11976319842199473,-0.2787642288136552,-0.9528626769045273,0.7417266595910399,0.6128430613209161,-0.2725159530059207,0.6599229794117275,-0.7394010325423785,0.13337081509690524,False,,0.0,0.0,0.0,0.0,0.0,0.0
10:15:46.017509,,-0.18790953629563076,-0.3429974578758074,0.13027455242000002,-3.01661622758119,-0.360840550136496,1.1716011095060281,,0.16728449327020098,0.5405547545520307,-0.35367788497586566,-0.11725253955303801,-0.2854182449253495,-0.9512035888452568,0.746868190113763,0.6059492334529817,-0.2738858029798842,0.6545530907149972,-0.7425375087774875,0.14212072155026367,,-0.025526399250732593,0.3024288679181618,-0.09156495019100896,0.36929374807096416,-0.8592170326895651,0.35407374704037414,0.9187776084997094,0.3947754103407848,-0.00028544910647773647,-0.13953434604650855,0.32542044511335866,0.9352174614211228,,0.053760382454458404,0.7043618139362147,1.1529369854851188,0.9922617208217355,-0.0768032718529755,-0.09755990377489436,0.0046369851568879294,-0.7622647314724931,0.6472487756047307,-0.12407729752272777,-0.642692567707023,-0.7560099785410312,,0.1790848308425335,0.694859516026312,-0.4364195207033381,0.993018439526397,0.005066047999930115,-0.1178503878577497,0.08447698224224075,-0.7278404888452268,0.6805232268400437,-0.08232872057674515,-0.6857277579004687,-0.7231869909041455,,0.0,0.0,0.045,1.0,0.0,0.0,0.0,1.0,0.0,0.0,0.0,1.0,,-0.0005789313634909996,-0.18285425070962588,0.23380443500249326,False,,0.16728449327020098,0.5405547545520307,-0.35367788497586566,-0.11995881987113169,-0.2786845681659168,-0.9528613713449097,0.7417035858136151,0.612829003284352,-0.2726103510960891,0.6599133824422345,-0.7394427119119398,0.13318709950278654,False,,0.0,0.0,0.0,0.0,0.0,0.0
10:15:46.029907,,-0.187917259028505,-0.3430129033415558,0.13027455242000002,-3.016825904110527,-0.360840550136496,1.1716011095060281,,0.16728413742147824,0.5405522533804781,-0.3536825987439245,-0.11727180939547692,-0.28541399796308825,-0.9512024876375362,0.7468652164801799,0.6059475352301728,-0.27389766877520627,0.6545530315666752,-0.7425405270523656,0.14210522352000368,,-0.02552617836356621,0.3024286195135833,-0.09156502447122386,0.3692939755944941,-0.8592165279074768,0.35407473467670186,0.9187776044020921,0.39477541906691366,-0.00028657606150306325,-0.13953377087611957,0.3254217673225109,0.9352170871588734,,0.053760382454458404,0.7043618139362147,1.1529369854851188,0.9922617208217355,-0.0768032718529755,-0.09755990377489436,0.0046369851568879294,-0.7622647314724931,0.6472487756047307,-0.12407729752272777,-0.642692567707023,-0.7560099785410312,,0.1790848308425335,0.694859516026312,-0.4364195207033381,0.993018439526397,0.005066047999930115,-0.1178503878577497,0.08447698224224075,-0.7278404888452268,0.6805232268400437,-0.08232872057674515,-0.6857277579004687,-0.7231869909041455,,0.0,0.0,0.045,1.0,0.0,0.0,0.0,1.0,0.0,0.0,0.0,1.0,,-0.0005789313634909996,-0.18285425070962588,0.23380443500249326,False,,0.16728413742147824,0.5405522533804781,-0.3536825987439245,-0.11976726085805417,-0.2787568640503495,-0.9528643208617762,0.7416861940980077,0.6128892022781829,-0.27252232058168235,0.6599677209613903,-0.7393655634905022,0.1333460566098636,False,,0.0,0.0,0.0,0.0,0.0,0.0
10:15:46.041713,,-0.187917259028505,-0.3430129033415558,0.13027455242000002,-3.01661622758119,-0.360840550136496,1.1716011095060281,,0.1672833561803471,0.5405522431427658,-0.3536827291315684,-0.11722030555285523,-0.2854383717162672,-0.9512015222433474,0.7468731636665183,0.6059483249316445,-0.27387425017204564,0.6545531890999091,-0.7425305134905233,0.14215681191781995,,-0.02552639675854472,0.30242840041064695,-0.09156494026148838,0.36929486659248045,-0.8592165583104688,0.3540737316108829,0.9187774131096761,0.3947758635508656,-0.00028757687795955,-0.13953267234319866,0.325421147847035,0.9352174666172486,,0.053760382454458404,0.7043618139362147,1.1529369854851188,0.9922617208217355,-0.0768032718529755,-0.09755990377489436,0.0046369851568879294,-0.7622647314724931,0.6472487756047307,-0.12407729752272777,-0.642692567707023,-0.7560099785410312,,0.1790848308425335,0.694859516026312,-0.4364195207033381,0.993018439526397,0.005066047999930115,-0.1178503878577497,0.08447698224224075,-0.7278404888452268,0.6805232268400437,-0.08232872057674515,-0.6857277579004687,-0.7231869909041455,,0.0,0.0,0.045,1.0,0.0,0.0,0.0,1.0,0.0,0.0,0.0,1.0,,-0.0005789313634909996,-0.18285425070962588,0.23380443500249326,False,,0.1672833561803471,0.5405522431427658,-0.3536827291315684,-0.11996074145302901,-0.27867718476067693,-0.9528632888320879,0.7416836586469432,0.6128528277129468,-0.2726110086924771,0.6599354294217913,-0.7394257489823497,0.13317203436069844,False,,0.0,0.0,0.0,0.0,0.0,0.0
10:15:46.054455,,-0.18794042722712767,-0.3430129033415558,0.13027455242000002,-3.014519462287813,-0.360840550136496,1.1716699911500783,,0.16727738665364056,0.5405522393684417,-0.3536835868707666,-0.1169092173448553,-0.28560336882574244,-0.9511902809717939,0.746921121274413,0.605948008997629,-0.2737441305050811,0.6545541028012788,-0.7424673232588732,0.14248228099948712,,-0.02552639675854472,0.30242840041064695,-0.09156494026148838,0.36929486659248045,-0.8592165583104688,0.3540737316108829,0.9187774131096761,0.3947758635508656,-0.00028757687795955,-0.13953267234319866,0.325421147847035,0.9352174666172486,,0.053760382454458404,0.7043618139362147,1.1529369854851188,0.9922617208217355,-0.0768032718529755,-0.09755990377489436,0.0046369851568879294,-0.7622647314724931,0.6472487756047307,-0.12407729752272777,-0.642692567707023,-0.7560099785410312,,0.1790848308425335,0.694859516026312,-0.4364195207033381,0.993018439526397,0.005066047999930115,-0.1178503878577497,0.08447698224224075,-0.7278404888452268,0.6805232268400437,-0.08232872057674515,-0.6857277579004687,-0.7231869909041455,,0.0,0.0,0.045,1.0,0.0,0.0,0.0,1.0,0.0,0.0,0.0,1.0,,-0.0005789313634909996,-0.18285425070962588,0.23380443500249326,False,,0.16727738665364056,0.5405522393684417,-0.3536835868707666,-0.12112127311265822,-0.2781257632985617,-0.9528775876203412,0.7416686667149297,0.6126550374360804,-0.27309594269687243,0.6597402716318501,-0.7397971782142638,0.132071605931575,False,,0.0,0.0,0.0,0.0,0.0,0.0
10:15:46.065843,,-0.18794042722712767,-0.3430129033415558,0.13027455242000002,-3.015987197993177,-0.360840550136496,1.1716699911500783,,0.16727169733926966,0.5405523143990154,-0.35368425815769544,-0.11670204498575523,-0.2857056207236872,-0.9511850140656315,0.7469530170914022,0.6059500251533713,-0.2736526215381102,0.6545546752977891,-0.7424263366176617,0.14269306830496176,,-0.025525959967409084,0.302428838616063,-0.09156510867909437,0.369293084597819,-0.8592164975096114,0.3540757377438405,0.918777795699525,0.3947749745862858,-0.0002855752445294346,-0.13953486940923,0.325422386800623,0.9352167077053508,,0.053760382454458404,0.7043618139362147,1.1529369854851188,0.9922617208217355,-0.0768032718529755,-0.09755990377489436,0.0046369851568879294,-0.7622647314724931,0.6472487756047307,-0.12407729752272777,-0.642692567707023,-0.7560099785410312,,0.1790848308425335,0.694859516026312,-0.4364195207033381,0.993018439526397,0.005066047999930115,-0.1178503878577497,0.08447698224224075,-0.7278404888452268,0.6805232268400437,-0.08232872057674515,-0.6857277579004687,-0.7231869909041455,,0.0,0.0,0.045,1.0,0.0,0.0,0.0,1.0,0.0,0.0,0.0,1.0,,-0.0005789313634909996,-0.18285425070962588,0.23380443500249326,False,,0.16727169733926966,0.5405523143990154,-0.35368425815769544,-0.12189453924341115,-0.27779174081551417,-0.9528764190792648,0.741659129201075,0.6125127925069291,-0.2734406975709114,0.6596085637522754,-0.7400404230513693,0.13136481596915778,False,,0.0,0.0,0.0,0.0,0.0,0.0
