System Time,q_des,q0,q1,q2,q3,q4,q5,T_des,Tx,Ty,Tz,R00,R01,R02,R10,R11,R12,R20,R21,R22,T_target,Tx,Ty,Tz,R00,R01,R02,R10,R11,R12,R20,R21,R22,worldFrame,Tx,Ty,Tz,R00,R01,R02,R10,R11,R12,R20,R21,R22,ECM_T_PSM_RCM,Tx,Ty,Tz,R00,R01,R02,R10,R11,R12,R20,R21,R22,psm3_T_cam,Tx,Ty,Tz,R00,R01,R02,R10,R11,R12,R20,R21,R22,offset,x,y,z,IK Trigered,ECM_T_PSM3,Tx,Ty,Tz,R00,R01,R02,R10,R11,R12,R20,R21,R22,solverSuccess,q_solverOutput,q0,q1,q2,q3,q4,q5
11:00:07.186062,,-0.31440790077542824,-0.20891536971352143,0.06925558954000001,0.7028357263399004,-0.016365259151171936,-0.002244978201869657,,0.1378989706496362,0.4742462534991294,-0.43192536102737156,0.45757627390453753,-0.39404080202817376,-0.7970920899724406,0.7234311778426279,0.6861925764064682,0.07607285330445758,0.5169828667227452,-0.6114504022581448,0.5990468438223219,,0.03050806620677922,0.2750925956197298,-0.12077627603953534,-0.038275852575517466,0.7970920899724405,0.6026434760395103,-0.9964030902078784,-0.07607285330445757,0.03733366864251114,0.07560318071223987,-0.5990468438223218,0.7971367749468764,,0.08402820212686413,0.7871991096554704,1.1377680784101278,0.9955154581583485,-0.042603977264593126,-0.08446226192218509,0.018341926437523276,-0.7889715436256064,0.6141559061700771,-0.09280380543024219,-0.6129508989064835,-0.7846519287094118,,0.13471369704132194,0.6115918199193087,-0.4623357149500644,0.996840739944861,-0.07101463648789963,-0.03557331289988755,-0.03459239831494253,-0.7913419572671746,0.6103943583023826,-0.07149758852578311,-0.6072353975791008,-0.7912984688232051,,0.0,0.0,0.045,1.0,0.0,0.0,0.0,1.0,0.0,0.0,0.0,1.0,,-0.019501160741314527,-0.1568017533185176,0.2605595468860936,True,,0.10223944040545035,0.5283894503222023,-0.38966263833665427,0.614879547848248,0.7391858108274052,-0.27482263136314994,-0.6318626312769413,0.25325338714157936,-0.7325382837074782,-0.47188214294854863,0.6240729596551585,0.6227842196086351,False,,0.0,0.0,0.0,0.0,0.0,0.0
11:00:14.773394,,0.08261007355557957,-0.7045526428483763,0.09533564805000001,-1.9640400503060405,-0.3495726667865088,0.671664750163929,,0.13778213570580344,0.4742778029201353,-0.43198972940649355,0.20769306007120109,-0.409306902983225,-0.8884432744798855,0.7810206617234736,0.6162316063152965,-0.1013179813216621,0.5889569753040436,-0.672849512557117,0.4476641762441596,,0.015418492418491622,0.2712472472172496,-0.1420759250159586,0.27778339619842385,-0.07354260003396368,0.20659500132221617,0.07754032366615715,0.3448178379367086,0.018487310269856904,-0.20512802538129607,0.03075334803742211,0.2867583452704945,,0.08402820212686413,0.7871991096554704,1.1377680784101278,0.9955154581583485,-0.042603977264593126,-0.08446226192218509,0.018341926437523276,-0.7889715436256064,0.6141559061700771,-0.09280380543024219,-0.6129508989064835,-0.7846519287094118,,0.1347129423749401,0.6115924904371945,-0.4623324584790198,0.996839670797492,-0.0710609556574812,-0.03551072099231187,-0.03466781472691266,-0.7913430597359363,0.6103886503121002,-0.07147596341714316,-0.6072285421394586,-0.7913056832001015,,0.0,0.0,0.045,1.0,0.0,0.0,0.0,1.0,0.0,0.0,0.0,1.0,,-0.019501160741314527,-0.1568017533185176,0.2605595468860936,False,,0.13778213570580344,0.4742778029201353,-0.43198972940649355,-0.8276401505146881,-0.23246698567067026,-0.5108530922185134,0.3957841354112831,0.403626537288742,-0.8248881963957558,0.3979531372068421,-0.8848981404486577,-0.2420507831380434,False,,0.0,0.0,0.0,0.0,0.0,0.0
11:00:14.871117,,0.08261007355557957,-0.7045526428483763,0.09533564805000001,-1.9640400503060405,-0.3495726667865088,0.671664750163929,,0.030250824814983576,0.4879379720578564,-0.3792029453997899,-0.6780118379092285,-0.10341974675699062,0.7277391728055251,-0.6124787389973432,0.626888746642005,-0.4815395036856691,-0.4064108043976863,-0.7722142547987159,-0.4883803873565047,,0.016017924967705575,0.2701577648057812,-0.14155557454725082,0.1585445466985077,-0.3097982040549435,0.2451708918044984,0.3726569780842721,0.20499112731312974,0.018041095302317886,-0.13118868132952552,0.20790328809073844,0.3475425433005237,,0.08402820212686413,0.7871991096554704,1.1377680784101278,0.9955154581583485,-0.042603977264593126,-0.08446226192218509,0.018341926437523276,-0.7889715436256064,0.6141559061700771,-0.09280380543024219,-0.6129508989064835,-0.7846519287094118,,0.1347129423749401,0.6115924904371945,-0.4623324584790198,0.996839670797492,-0.0710609556574812,-0.03551072099231187,-0.03466781472691266,-0.7913430597359363,0.6103886503121002,-0.07147596341714316,-0.6072285421394586,-0.7913056832001015,,0.0,0.0,0.045,1.0,0.0,0.0,0.0,1.0,0.0,0.0,0.0,1.0,,-0.019501160741314527,-0.1568017533185176,0.2605595468860936,True,,0.13778213570580344,0.4742778029201353,-0.43198972940649355,-0.8276401505146881,-0.23246698567067026,-0.5108530922185134,0.3957841354112831,0.403626537288742,-0.8248881963957558,0.3979531372068421,-0.8848981404486577,-0.2420507831380434,False,,-0.6088745603021534,-0.19697222138905773,0.04010866353743985,-2.3448726454195437,0.40564249245168743,0.3612674297394501
11:00:14.970889,,0.08254056895971155,-0.7060971894232212,0.09547694366000001,-2.011426945936356,-0.3934369269703876,0.705536155069606,,0.024350701771255007,0.4628010227216094,-0.37247187736125725,-0.4905513769942928,-0.31984188920399215,0.8105926920713167,-0.7110548839293901,0.6846518147304875,-0.16016505432338168,-0.5037462640746477,-0.6549450805194826,-0.5632820278813835,,0.017374030508766493,0.2696495348735,-0.13986728802421106,0.05681308991810055,-0.4178069424950495,0.2964485183859329,0.5084281458707526,0.08255449659977701,0.01891211288843017,-0.06281071355035825,0.2903346454187208,0.4212276111192131,,0.08402820212686413,0.7871991096554704,1.1377680784101278,0.9955154581583485,-0.042603977264593126,-0.08446226192218509,0.018341926437523276,-0.7889715436256064,0.6141559061700771,-0.09280380543024219,-0.6129508989064835,-0.7846519287094118,,0.1347129423749401,0.6115924904371945,-0.4623324584790198,0.996839670797492,-0.0710609556574812,-0.03551072099231187,-0.03466781472691266,-0.7913430597359363,0.6103886503121002,-0.07147596341714316,-0.6072285421394586,-0.7913056832001015,,0.0,0.0,0.045,1.0,0.0,0.0,0.0,1.0,0.0,0.0,0.0,1.0,,-0.019501160741314527,-0.1568017533185176,0.2605595468860936,True,,0.13746807956348306,0.4743251738310771,-0.43182563413382424,-0.7927868011110752,-0.2284192457931652,-0.565078522097018,0.44286202733795343,0.42110790207913,-0.7915436561230415,0.41876283589424024,-0.8777771829785709,-0.23269057633694207,False,,-0.21955620561781394,-0.35557702238112404,0.08349486514960103,-2.424611420955906,-0.08356382153339863,0.7583452861244834
11:00:15.071369,,0.07782970190643461,-0.7098967739973396,0.09542249948,-2.1475070134765097,-0.43180138694772513,0.7457126382452366,,0.024134018796678258,0.4493427840472227,-0.3706650106115588,-0.3731370832453197,-0.43899422484785683,0.8173449624591839,-0.7496621793426086,0.6616899505683388,0.013153941620666309,-0.5466034522123565,-0.6078243824223397,-0.5759984254860733,,0.018525126767007304,0.2693557922515986,-0.1383968500857879,-0.01770034603804349,-0.47937575424124096,0.3374493211542706,0.5861190342997984,-0.007714833974971802,0.01978432005184011,-0.011731825659654943,0.3378251440228853,0.4792942694048318,,0.08402820212686413,0.7871991096554704,1.1377680784101278,0.9955154581583485,-0.042603977264593126,-0.08446226192218509,0.018341926437523276,-0.7889715436256064,0.6141559061700771,-0.09280380543024219,-0.6129508989064835,-0.7846519287094118,,0.1347129423749401,0.6115924904371945,-0.4623324584790198,0.996839670797492,-0.0710609556574812,-0.03551072099231187,-0.03466781472691266,-0.7913430597359363,0.6103886503121002,-0.07147596341714316,-0.6072285421394586,-0.7913056832001015,,0.0,0.0,0.045,1.0,0.0,0.0,0.0,1.0,0.0,0.0,0.0,1.0,,-0.019501160741314527,-0.1568017533185176,0.2605595468860936,True,,0.1369302192662082,0.47456688347553255,-0.4316533802015775,-0.7079088221154157,-0.2835282771730127,-0.646897840168344,0.49992064936096553,0.4458624251294862,-0.7424863919292825,0.4989433273566003,-0.8490102554745477,-0.17388830376240894,False,,-0.4571687929409142,-0.17027853194818593,0.05944443377672385,-2.268189018504612,0.3134269493834939,0.5956832763954976
11:00:15.179382,,0.039772074302256225,-0.6984671293434873,0.09313065876000001,-2.330973976646979,-0.45071533399948943,0.7836085823157111,,0.13035203854828997,0.5332452216194411,-0.44499832756461727,-0.43197000516248196,-0.6873498320405621,-0.5839110574682903,0.6869326969919435,0.1687706230051594,-0.706852139144974,0.5844017320673346,-0.7064465197056761,0.3992592270097687,,0.025662711652969808,0.2682681145456341,-0.12908602891597679,-0.41682195572492653,-0.7013707855934791,0.578220095038082,0.8685934770533214,-0.49484792319753657,0.025901824100276694,0.2679642304679565,0.5130346518387294,0.8154695685104656,,0.08402820212686413,0.7871991096554704,1.1377680784101278,0.9955154581583485,-0.042603977264593126,-0.08446226192218509,0.018341926437523276,-0.7889715436256064,0.6141559061700771,-0.09280380543024219,-0.6129508989064835,-0.7846519287094118,,0.1347129423749401,0.6115924904371945,-0.4623324584790198,0.996839670797492,-0.0710609556574812,-0.03551072099231187,-0.03466781472691266,-0.7913430597359363,0.6103886503121002,-0.07147596341714316,-0.6072285421394586,-0.7913056832001015,,0.0,0.0,0.045,1.0,0.0,0.0,0.0,1.0,0.0,0.0,0.0,1.0,,-0.019501160741314527,-0.1568017533185176,0.2605595468860936,False,,0.1338725086748096,0.4770904880461767,-0.4298383888702296,-0.6017917377174633,-0.3419197004705636,-0.7217600867636806,0.5578538512184584,0.46675881809979436,-0.6862472487426212,0.5715293387882461,-0.8156145683815383,-0.090150378524259,False,,0.0,0.0,0.0,0.0,0.0,0.0
11:00:15.281707,,-0.011877563160557296,-0.6662633332579712,0.08886716095000001,-2.4913765215903036,-0.45862968063817094,0.8029801798153938,,0.13039470114379698,0.5378778994940075,-0.4377678507111761,-0.4889600830312803,-0.6365849279153668,-0.5963871785619062,0.6607619490449917,0.17605176079694176,-0.7296570593193494,0.5694836994122904,-0.7508431308011574,0.33454881412494736,,0.025663236161345204,0.26826829872287,-0.1290864229969317,-0.4168215856638337,-0.7013687830793309,0.5782227907984888,0.8685934191998506,-0.4948479759819433,0.02590275548226667,0.26796499360865667,0.5130373385443594,0.8154676274457008,,0.08402820212686413,0.7871991096554704,1.1377680784101278,0.9955154581583485,-0.042603977264593126,-0.08446226192218509,0.018341926437523276,-0.7889715436256064,0.6141559061700771,-0.09280380543024219,-0.6129508989064835,-0.7846519287094118,,0.1347129423749401,0.6115924904371945,-0.4623324584790198,0.996839670797492,-0.0710609556574812,-0.03551072099231187,-0.03466781472691266,-0.7913430597359363,0.6103886503121002,-0.07147596341714316,-0.6072285421394586,-0.7913056832001015,,0.0,0.0,0.045,1.0,0.0,0.0,0.0,1.0,0.0,0.0,0.0,1.0,,-0.019501160741314527,-0.1568017533185176,0.2605595468860936,False,,0.1288429154037378,0.4831452842157471,-0.4254689220517258,-0.47984958244042974,-0.3901903154430867,-0.7858090709365538,0.6264704838898646,0.47466688463412443,-0.618244354156618,0.6142305031879679,-0.788950484102874,0.016674009334785245,False,,0.0,0.0,0.0,0.0,0.0,0.0
11:00:15.389063,,-0.057217727865129395,-0.6298815386874994,0.08260996912,-2.6102631137247676,-0.4639953393762601,0.8112789088319252,,0.13105512975039996,0.539918520842888,-0.43274877567004705,-0.5115129377307532,-0.6161540366122956,-0.5989229647462427,0.6488633089332977,0.1799722699156491,-0.7393148100650635,0.5633213300188329,-0.766788227105622,0.30774160251423643,,0.025663773836698614,0.268268523972308,-0.12908682799312005,-0.416792288822906,-0.7013837878967315,0.578225705509364,0.8686140831886331,-0.4948115925772873,0.025904802564481993,0.26794357413929426,0.5130519139279835,0.8154654935377088,,0.08402820212686413,0.7871991096554704,1.1377680784101278,0.9955154581583485,-0.042603977264593126,-0.08446226192218509,0.018341926437523276,-0.7889715436256064,0.6141559061700771,-0.09280380543024219,-0.6129508989064835,-0.7846519287094118,,0.1347129423749401,0.6115924904371945,-0.4623324584790198,0.996839670797492,-0.0710609556574812,-0.03551072099231187,-0.03466781472691266,-0.7913430597359363,0.6103886503121002,-0.07147596341714316,-0.6072285421394586,-0.7913056832001015,,0.0,0.0,0.045,1.0,0.0,0.0,0.0,1.0,0.0,0.0,0.0,1.0,,-0.019501160741314527,-0.1568017533185176,0.2605595468860936,False,,0.12503389629827752,0.4909948829946744,-0.4221620824395336,-0.3909415968116365,-0.41769235411694006,-0.8201815440465707,0.6769144380111748,0.4733184078457706,-0.5636989696694152,0.6236597722271202,-0.7755661042790574,0.09770213098506614,False,,0.0,0.0,0.0,0.0,0.0,0.0
11:00:15.490403,,-0.08659500371867943,-0.6127293489738468,0.07387556710000001,-2.69497243157719,-0.46801958342982697,0.8069124028216026,,0.029766992312028576,0.424359691158879,-0.36632304248646974,0.0959247993686125,-0.7062827730606548,0.7014007965092733,-0.7787966525592696,0.3855817912241456,0.4947751572571685,-0.6198985455932026,-0.593709800116295,-0.5130638034565498,,0.025663787016289106,0.2682685650488804,-0.12908683888678268,-0.41676336178330675,-0.7014007946545445,0.5782259249155197,0.8686348042528017,-0.4947751559488242,0.025905918394681565,0.26792139113391406,0.5130638020998445,0.8154653014439537,,0.08402820212686413,0.7871991096554704,1.1377680784101278,0.9955154581583485,-0.042603977264593126,-0.08446226192218509,0.018341926437523276,-0.7889715436256064,0.6141559061700771,-0.09280380543024219,-0.6129508989064835,-0.7846519287094118,,0.1347129423749401,0.6115924904371945,-0.4623324584790198,0.996839670797492,-0.0710609556574812,-0.03551072099231187,-0.03466781472691266,-0.7913430597359363,0.6103886503121002,-0.07147596341714316,-0.6072285421394586,-0.7913056832001015,,0.0,0.0,0.045,1.0,0.0,0.0,0.0,1.0,0.0,0.0,0.0,1.0,,-0.019501160741314527,-0.1568017533185176,0.2605595468860936,True,,0.12308616032539088,0.5003392133252211,-0.4225245887358284,-0.323638550602023,-0.4452973515408547,-0.8348463075769833,0.7032365690543658,0.4771010564056116,-0.527098577043511,0.6330216556397313,-0.757683872526894,0.15874108732078024,False,,-0.2840677338703593,-0.513316662636445,0.13443273772755035,-2.638348639943492,-0.3004228561977718,0.7415303458846751
11:00:15.585226,,-0.10271234722718597,-0.6075628406809906,0.06670189824,-2.743617386383532,-0.4704341298619671,0.7964262154648738,,0.029421469071084907,0.4279617279736687,-0.36709085132340347,0.09587454056195349,-0.706274512600347,0.7014159859335805,-0.7788031188954848,0.38561537820373987,0.49473880188585573,-0.6198981968603391,-0.5936978128172018,-0.5130780959906311,,0.025664157177817584,0.2682690158824084,-0.12908712541229175,-0.4167349520785555,-0.7014159840796556,0.578227975548933,0.8686554161941068,-0.49473880057820296,0.025909107141102505,0.26789875390992784,0.5130780946345055,0.8154637460816381,,0.08402820212686413,0.7871991096554704,1.1377680784101278,0.9955154581583485,-0.042603977264593126,-0.08446226192218509,0.018341926437523276,-0.7889715436256064,0.6141559061700771,-0.09280380543024219,-0.6129508989064835,-0.7846519287094118,,0.1347129423749401,0.6115924904371945,-0.4623324584790198,0.996839670797492,-0.0710609556574812,-0.03551072099231187,-0.03466781472691266,-0.7913430597359363,0.6103886503121002,-0.07147596341714316,-0.6072285421394586,-0.7913056832001015,,0.0,0.0,0.045,1.0,0.0,0.0,0.0,1.0,0.0,0.0,0.0,1.0,,-0.019501160741314527,-0.1568017533185176,0.2605595468860936,True,,0.12239709804274267,0.5075372010387191,-0.42406213522696945,-0.28405749986798395,-0.4671995296883038,-0.8372788879625346,0.7136488460584709,0.48016544458862054,-0.5100455571244845,0.6403254338913642,-0.7424053779991365,0.1970218095282758,False,,-0.24385209990955806,-0.5247848110188383,0.12254717443357645,-2.660337824005498,-0.33331784336134407,0.6896542662793035
11:00:15.683239,,-0.1136245687784652,-0.5971294285679133,0.061686552230000004,-2.760181832201208,-0.47164140307803715,0.7780956094169678,,0.02920435917250877,0.4306080457414202,-0.3673174689603076,0.0958343387443601,-0.7062639008985698,0.7014321647921248,-0.7788082898294203,0.3856450666777025,0.4947075198944563,-0.6198979167656596,-0.5936911527340505,-0.5130861408719881,,0.025676026028594073,0.2682706228244506,-0.12908370036654965,-0.41671500448219845,-0.7014321635522415,0.5782227264977851,0.8686730221218951,-0.4947075190199889,0.025916167297854065,0.26787269764148114,0.5130861399650338,0.8154672447736738,,0.08402820212686413,0.7871991096554704,1.1377680784101278,0.9955154581583485,-0.042603977264593126,-0.08446226192218509,0.018341926437523276,-0.7889715436256064,0.6141559061700771,-0.09280380543024219,-0.6129508989064835,-0.7846519287094118,,0.13481202487121519,0.6115638648447301,-0.46235861849021687,0.9968472737919726,-0.07095686735254425,-0.0355054321058898,-0.03458817271667701,-0.7913445501380821,0.6103912362369548,-0.07140848018011467,-0.6072387717712613,-0.7913039258187061,,0.0,0.0,0.045,1.0,0.0,0.0,0.0,1.0,0.0,0.0,0.0,1.0,,-0.019501160741314527,-0.1568017533185176,0.2605595468860936,True,,0.12195351711788827,0.512823380923513,-0.42452004250313014,-0.2700362970890298,-0.4826523032560165,-0.833142936365728,0.7238327950287021,0.4688422826360446,-0.5062143803306661,0.6349381726557178,-0.7397524370857359,0.22275513177103728,False,,-0.2586989509729692,-0.5037884044413137,0.11869453313766641,-2.6029222268709566,-0.2749336257107241,0.6353764482569183
11:00:15.779023,,-0.12144769718005465,-0.5883023448926747,0.05800508863000001,-2.766262451552001,-0.4689585737089926,0.7632351492588929,,0.02908550217980098,0.4325415487323475,-0.3674892232592797,0.09579576855390476,-0.7062512614552308,0.7014501596122579,-0.7788132496745559,0.3856752820893147,0.4946761555974631,-0.6198976470825847,-0.5936865608031084,-0.5130917799607128,,0.025687537931868593,0.26827182002066813,-0.12907999965340655,-0.4166945387830419,-0.7014501594819861,0.5782156472628952,0.8686907358391028,-0.4946761555055929,0.02592115487567878,0.2678470952694288,0.5130917798654225,0.8154721078116816,,0.08402820212686413,0.7871991096554704,1.1377680784101278,0.9955154581583485,-0.042603977264593126,-0.08446226192218509,0.018341926437523276,-0.7889715436256064,0.6141559061700771,-0.09280380543024219,-0.6129508989064835,-0.7846519287094118,,0.13481202487121519,0.6115638648447301,-0.46235861849021687,0.9968472737919726,-0.07095686735254425,-0.0355054321058898,-0.03458817271667701,-0.7913445501380821,0.6103912362369548,-0.07140848018011467,-0.6072387717712613,-0.7913039258187061,,0.0,0.0,0.045,1.0,0.0,0.0,0.0,1.0,0.0,0.0,0.0,1.0,,-0.019501160741314527,-0.1568017533185176,0.2605595468860936,True,,0.1217070804263188,0.5166843282431162,-0.4248681258729696,-0.265424450056141,-0.4926510988645952,-0.8287609764581719,0.72932500528208,0.4596147526080116,-0.5067931687141912,0.6305829826301131,-0.7389514016311111,0.23730977233297257,False,,-0.3132055147465356,-0.49863223268015844,0.1273178085564113,-2.5714170748174086,-0.21754673557952958,0.5972792858824791
11:00:15.861348,,-0.13033656271828706,-0.5862944343453763,0.05632639308000001,-2.766891481140014,-0.46278806616019,0.7449539743421114,,0.028813572446049776,0.4333913331368749,-0.36770235537791307,0.0958062917090376,-0.7062484806993932,0.7014515221872156,-0.7788118965922536,0.3856714316076832,0.4946812878693281,-0.619897720753464,-0.5936923701307599,-0.5130849690384441,,0.02569870147742556,0.26827342728487125,-0.12907605127230737,-0.4167047761838789,-0.7014515220230638,0.5782066164348486,0.8686876295247715,-0.4946812877535641,0.025927309715326696,0.2678412428065222,0.5130849689183734,0.8154783153792963,,0.08402820212686413,0.7871991096554704,1.1377680784101278,0.9955154581583485,-0.042603977264593126,-0.08446226192218509,0.018341926437523276,-0.7889715436256064,0.6141559061700771,-0.09280380543024219,-0.6129508989064835,-0.7846519287094118,,0.13481202487121519,0.6115638648447301,-0.46235861849021687,0.9968472737919726,-0.07095686735254425,-0.0355054321058898,-0.03458817271667701,-0.7913445501380821,0.6103912362369548,-0.07140848018011467,-0.6072387717712613,-0.7913039258187061,,0.0,0.0,0.045,1.0,0.0,0.0,0.0,1.0,0.0,0.0,0.0,1.0,,-0.019501160741314527,-0.1568017533185176,0.2605595468860936,True,,0.12115226861237788,0.5183830852901068,-0.4252972827983841,-0.26683913813100263,-0.5016981728172881,-0.8228583217986547,0.7282180255961762,0.4543006912370762,-0.5131368132752917,0.6312649060088091,-0.7361452474432674,0.24412044795219462,True,,-0.25627774245354695,-0.5131355380017273,0.11426107947160014,-2.6041226727279305,-0.286629807128886,0.5897768421167521
11:00:15.963357,,-0.1386076096265815,-0.5820700994631756,0.05631602276000001,-2.763117303611936,-0.45675170007983973,0.724054398203583,,0.02846646534355267,0.4334982930212501,-0.36754602460624963,0.0958175156855181,-0.7062450507681471,0.7014534424702418,-0.7788104532991881,0.3856676518907872,0.49468650690812244,-0.6198977992538518,-0.5936989056336082,-0.5130773118446063,,0.02570936232601276,0.2682757112865795,-0.12907174763339227,-0.41671767610853955,-0.701453442304254,0.5781949897957805,0.8686843715025239,-0.49468650679106274,0.025936889421297488,0.267831739442313,0.5130773117231947,0.8154862543715475,,0.08402820212686413,0.7871991096554704,1.1377680784101278,0.9955154581583485,-0.042603977264593126,-0.08446226192218509,0.018341926437523276,-0.7889715436256064,0.6141559061700771,-0.09280380543024219,-0.6129508989064835,-0.7846519287094118,,0.13481202487121519,0.6115638648447301,-0.46235861849021687,0.9968472737919726,-0.07095686735254425,-0.0355054321058898,-0.03458817271667701,-0.7913445501380821,0.6103912362369548,-0.07140848018011467,-0.6072387717712613,-0.7913039258187061,,0.0,0.0,0.045,1.0,0.0,0.0,0.0,1.0,0.0,0.0,0.0,1.0,,-0.019501160741314527,-0.1568017533185176,0.2605595468860936,True,,0.12044769120266552,0.518595530008162,-0.4249877380289274,-0.27163717317962044,-0.5110799946522936,-0.815481750386357,0.728442598769827,0.4445768964542738,-0.5212703362330786,0.6289551863562663,-0.7356280460975488,0.2515288280699782,False,,-0.2958415538549964,-0.5140328523961807,0.12217238185071362,-2.600850585572135,-0.26105431003810964,0.5657571680040854
11:00:16.061557,,-0.1491259718012753,-0.5734824205070379,0.058203421000000005,-2.754520565909091,-0.44950806078341937,0.6900753984260606,,0.027887361984135953,0.43281512469008965,-0.36688285397648324,0.09582932115304392,-0.7062408244378634,0.7014560849437931,-0.7788089351227613,0.3856641126734249,0.4946916562554602,-0.6198978817356108,-0.5937062321494925,-0.513068734310088,,0.025720012258846854,0.2682775648207419,-0.12906742459301015,-0.41672942944751856,-0.7014560848977743,0.5781833130253958,0.8686812182292974,-0.49469165622300615,0.025944290851621338,0.2678236800523809,0.5130687342764284,0.8154942980671136,,0.08402820212686413,0.7871991096554704,1.1377680784101278,0.9955154581583485,-0.042603977264593126,-0.08446226192218509,0.018341926437523276,-0.7889715436256064,0.6141559061700771,-0.09280380543024219,-0.6129508989064835,-0.7846519287094118,,0.13481202487121519,0.6115638648447301,-0.46235861849021687,0.9968472737919726,-0.07095686735254425,-0.0355054321058898,-0.03458817271667701,-0.7913445501380821,0.6103912362369548,-0.07140848018011467,-0.6072387717712613,-0.7913039258187061,,0.0,0.0,0.045,1.0,0.0,0.0,0.0,1.0,0.0,0.0,0.0,1.0,,-0.019501160741314527,-0.1568017533185176,0.2605595468860936,True,,0.11927924413439843,0.5172281379605161,-0.4236643902919264,-0.2803855267343559,-0.5269070614054332,-0.8023421371453635,0.7310523772841326,0.4244630792112029,-0.5342223470183203,0.6220501411181548,-0.7363423409173451,0.2661833558043186,False,,-0.23705214603920755,-0.48349316337407416,0.1067116444157409,-2.5567948666143274,-0.24570903423161436,0.6034972905334016
11:00:16.164049,,-0.15993007509231538,-0.5672038386802933,0.06221543855000001,-2.741310944560817,-0.4379718944965277,0.6555741054269726,,0.027116765432514206,0.4310975211076543,-0.36597973131033557,0.09582978842519872,-0.706240391701533,0.7014564567951791,-0.7788088750295212,0.38566415979508895,0.49469171412587837,-0.619897884998516,-0.5937067162992292,-0.513068170125134,,0.025719677135377345,0.2682780159764758,-0.12906718775068318,-0.4167312044953565,-0.701456456760874,0.5781815825244856,0.8686811170923335,-0.4946917141016852,0.025946574119546956,0.26782124618717984,0.513068170100042,0.8154954523620161,,0.08402820212686413,0.7871991096554704,1.1377680784101278,0.9955154581583485,-0.042603977264593126,-0.08446226192218509,0.018341926437523276,-0.7889715436256064,0.6141559061700771,-0.09280380543024219,-0.6129508989064835,-0.7846519287094118,,0.13481202487121519,0.6115638648447301,-0.46235861849021687,0.9968472737919726,-0.07095686735254425,-0.0355054321058898,-0.03458817271667701,-0.7913445501380821,0.6103912362369548,-0.07140848018011467,-0.6072387717712613,-0.7913039258187061,,0.0,0.0,0.045,1.0,0.0,0.0,0.0,1.0,0.0,0.0,0.0,1.0,,-0.019501160741314527,-0.1568017533185176,0.2605595468860936,True,,0.11773844379158932,0.5137924886098264,-0.42185829435329014,-0.2943915415177708,-0.5406548217696076,-0.7880520185749573,0.7293194123231254,0.4057854590237371,-0.5508460366141763,0.6175976158401537,-0.7369060489249424,0.27485025007518005,False,,-0.33475103631692277,-0.5131332862221892,0.13459777398568806,-2.5932857651927312,-0.23821638944858647,0.588450585024298
11:00:16.263739,,-0.1712516014859285,-0.5618442620655816,0.06825096479000001,-2.7239077926257895,-0.42415532324594807,0.6187461152434337,,0.026126595987949655,0.42843710800791096,-0.36476995550107283,0.09583083721797142,-0.7062391626064562,0.7014575509886782,-0.7788087401495501,0.38566444738164296,0.49469170226766723,-0.6198978923216087,-0.5937079915469754,-0.5130666855960184,,0.025719331095996258,0.26827803666715055,-0.12906693150969523,-0.4167318330604416,-0.701457550963577,0.5781798019982161,0.868681120718185,-0.494691702249965,0.025946679195256228,0.267820256422687,0.5130666855776587,0.8154967114148735,,0.08402820212686413,0.7871991096554704,1.1377680784101278,0.9955154581583485,-0.042603977264593126,-0.08446226192218509,0.018341926437523276,-0.7889715436256064,0.6141559061700771,-0.09280380543024219,-0.6129508989064835,-0.7846519287094118,,0.13481202487121519,0.6115638648447301,-0.46235861849021687,0.9968472737919726,-0.07095686735254425,-0.0355054321058898,-0.03458817271667701,-0.7913445501380821,0.6103912362369548,-0.07140848018011467,-0.6072387717712613,-0.7913039258187061,,0.0,0.0,0.045,1.0,0.0,0.0,0.0,1.0,0.0,0.0,0.0,1.0,,-0.019501160741314527,-0.1568017533185176,0.2605595468860936,True,,0.11575862054183363,0.5084716398816422,-0.4194387688737396,-0.31268227607222715,-0.5534232372147421,-0.7719796077235765,0.7255380833517724,0.3853864183125526,-0.5701506802473001,0.6130450911935665,-0.7383766173782712,0.2810261323658248,False,,-0.31085116433234083,-0.5263773651826568,0.1299894485286616,-2.6267828494244916,-0.28704929371012716,0.5836647470960932
11:00:16.372575,,-0.18298243272187553,-0.5539052926708787,0.07578629856,-2.7046175519267233,-0.4099363275900118,0.5808875966426574,,0.12384784029125769,0.5460421978230079,-0.43020325532184295,-0.5853886596780496,-0.5859425560024356,-0.5603493893863625,0.6066331100219085,0.14197625169122463,-0.7822013895288459,0.537881387431731,-0.7978183157969253,0.27234086735830443,,0.025719331095996258,0.26827803666715055,-0.1290669315096952,-0.4167318330604416,-0.701457550963577,0.5781798019982161,0.868681120718185,-0.494691702249965,0.025946679195256228,0.267820256422687,0.5130666855776587,0.8154967114148735,,0.08402820212686413,0.7871991096554704,1.1377680784101278,0.9955154581583485,-0.042603977264593126,-0.08446226192218509,0.018341926437523276,-0.7889715436256064,0.6141559061700771,-0.09280380543024219,-0.6129508989064835,-0.7846519287094118,,0.13481202487121519,0.6115638648447301,-0.46235861849021687,0.9968472737919726,-0.07095686735254425,-0.0355054321058898,-0.03458817271667701,-0.7913445501380821,0.6103912362369548,-0.07140848018011467,-0.6072387717712613,-0.7913039258187061,,0.0,0.0,0.045,1.0,0.0,0.0,0.0,1.0,0.0,0.0,0.0,1.0,,-0.019501160741314527,-0.1568017533185176,0.2605595468860936,False,,0.11337153462505659,0.501941922818877,-0.4161736168173443,-0.33231336541353995,-0.5653527277828927,-0.7549464354217255,0.7231631264382818,0.36111837217793696,-0.588751742108307,0.6054774312288911,-0.7415994973461075,0.2888377845927781,False,,0.0,0.0,0.0,0.0,0.0,0.0
11:00:16.479512,,-0.19783324803900926,-0.5460512733377924,0.08306755949000001,-2.6800853979942145,-0.3910223805382475,0.5387209906410695,,0.11714742377322812,0.5493965975057953,-0.431855481618188,-0.6462233241041635,-0.5940108377389844,-0.4791101543824722,0.5670792688515903,0.046362632545598324,-0.8223573488102285,0.5107019857240729,-0.8031199355962176,0.3068906170371074,,0.025719833790897532,0.2682773599338803,-0.12906728676015594,-0.4167291705101546,-0.7014569932018044,0.5781823977763572,0.8686812724605899,-0.4946916154505516,0.02594325429450739,0.2678239072345565,0.5130675318663449,0.8154949800105507,,0.08402820212686413,0.7871991096554704,1.1377680784101278,0.9955154581583485,-0.042603977264593126,-0.08446226192218509,0.018341926437523276,-0.7889715436256064,0.6141559061700771,-0.09280380543024219,-0.6129508989064835,-0.7846519287094118,,0.13481202487121519,0.6115638648447301,-0.46235861849021687,0.9968472737919726,-0.07095686735254425,-0.0355054321058898,-0.03458817271667701,-0.7913445501380821,0.6103912362369548,-0.07140848018011467,-0.6072387717712613,-0.7913039258187061,,0.0,0.0,0.045,1.0,0.0,0.0,0.0,1.0,0.0,0.0,0.0,1.0,,-0.019501160741314527,-0.1568017533185176,0.2605595468860936,False,,0.11081089521905414,0.49627546246520005,-0.4132644885559795,-0.35505259667137035,-0.5744489807386686,-0.7375269636597852,0.7189834227138066,0.33643731058907045,-0.6081716648334853,0.597495181118356,-0.7462025894969128,0.2935663536041637,False,,0.0,0.0,0.0,0.0,0.0,0.0
11:00:16.599889,,-0.2084288375424453,-0.5416029792022391,0.08808420179000001,-2.66603707052859,-0.3800227801251647,0.5166836802237167,,0.1165108520274552,0.5514314899875602,-0.427301076832271,-0.696242771090956,-0.5698276687285773,-0.43651166267918073,0.5270000822991435,0.007095405899218849,-0.8498356126168297,0.48735707336642153,-0.8217335840565854,0.2953591032510022,,0.025720001355769177,0.2682771343560601,-0.1290674051770016,-0.4167282829958681,-0.7014568072799686,0.5781832630341558,0.8686813230370815,-0.4946915865245439,0.02594211266050961,0.26782512417392157,0.5130678139616027,0.8154944028739871,,0.08402820212686413,0.7871991096554704,1.1377680784101278,0.9955154581583485,-0.042603977264593126,-0.08446226192218509,0.018341926437523276,-0.7889715436256064,0.6141559061700771,-0.09280380543024219,-0.6129508989064835,-0.7846519287094118,,0.13481202487121519,0.6115638648447301,-0.46235861849021687,0.9968472737919726,-0.07095686735254425,-0.0355054321058898,-0.03458817271667701,-0.7913445501380821,0.6103912362369548,-0.07140848018011467,-0.6072387717712613,-0.7913039258187061,,0.0,0.0,0.045,1.0,0.0,0.0,0.0,1.0,0.0,0.0,0.0,1.0,,-0.019501160741314527,-0.1568017533185176,0.2605595468860936,False,,0.10855934226815724,0.49179561292683077,-0.41101414554346927,-0.3713105863088211,-0.5770966523540911,-0.7273842879363708,0.7161281653415074,0.3206430911907453,-0.6199584331842339,0.5910066829568059,-0.7510975049308478,0.29421699268915247,False,,0.0,0.0,0.0,0.0,0.0,0.0
11:00:16.724374,,-0.21059120274722815,-0.5391394274153615,0.09076881838,-2.6513597134749527,-0.36942560411743863,0.4966412412403043,,0.11488869156628574,0.5509436944050687,-0.43098626880060253,-0.630000581820367,-0.6035015072146908,-0.48875883387985575,0.5771761229134523,0.05721283030342692,-0.8146130462908551,0.5195834774553503,-0.7953066219001754,0.31228254372785125,,0.02571964439793791,0.2682767245817648,-0.12906712954084276,-0.4167277650739766,-0.7014586238213236,0.5781814324753836,0.8686814314175741,-0.49469150491482233,0.025940039544414595,0.2678255785075542,0.5130654090931742,0.8154957666752727,,0.08402820212686413,0.7871991096554704,1.1377680784101278,0.9955154581583485,-0.042603977264593126,-0.08446226192218509,0.018341926437523276,-0.7889715436256064,0.6141559061700771,-0.09280380543024219,-0.6129508989064835,-0.7846519287094118,,0.13476722099839372,0.6115883973603566,-0.4623324771344204,0.9968452069282863,-0.07095485174362198,-0.03556743507962096,-0.03454837532454953,-0.7913426533261574,0.6103959491913026,-0.07145658252768937,-0.6072414791833293,-0.7912975058552287,,0.0,0.0,0.045,1.0,0.0,0.0,0.0,1.0,0.0,0.0,0.0,1.0,,-0.019501160741314527,-0.1568017533185176,0.2605595468860936,False,,0.10773960197260572,0.4892310187282223,-0.40977264817872633,-0.38630341395048473,-0.5837853044234547,-0.714117910928871,0.7102781191430751,0.30565589831445183,-0.6340973626282964,0.5884510734434735,-0.75217630258125,0.2965740109962839,False,,0.0,0.0,0.0,0.0,0.0,0.0
11:00:16.848785,,-0.2165299843275068,-0.5355174656973501,0.09069233727,-2.6352146207159515,-0.3566821646144769,0.47764640688306326,,0.1184537731232223,0.5483044601574729,-0.4309202785340299,-0.6412497828553784,-0.600489600332127,-0.4777143036176469,0.5696201305492052,0.04461297354585079,-0.8206964051733768,0.5141319119263424,-0.7983870755995242,0.31344290493581645,,0.02570699980699584,0.2682739685501321,-0.1290644647970418,-0.41668685942189365,-0.7014803278050799,0.5781845768478149,0.8687083272727176,-0.49464446114186067,0.025936329844548855,0.2678019740951249,0.5130810859710637,0.8154936516654179,,0.08402820212686413,0.7871991096554704,1.1377680784101278,0.9955154581583485,-0.042603977264593126,-0.08446226192218509,0.018341926437523276,-0.7889715436256064,0.6141559061700771,-0.09280380543024219,-0.6129508989064835,-0.7846519287094118,,0.13476722099839372,0.6115883973603566,-0.4623324771344204,0.9968452069282863,-0.07095485174362198,-0.03556743507962096,-0.03454837532454953,-0.7913426533261574,0.6103959491913026,-0.07145658252768937,-0.6072414791833293,-0.7912975058552287,,0.0,0.0,0.045,1.0,0.0,0.0,0.0,1.0,0.0,0.0,0.0,1.0,,-0.019501160741314527,-0.1568017533185176,0.2605595468860936,False,,0.10696578459012072,0.48930661635999234,-0.4094685151245569,-0.402835122271628,-0.5857712163327775,-0.7032751569481331,0.7047693069352041,0.29173051365044544,-0.6466788471933497,0.5839726776712032,-0.756151697426691,0.295314277020701,False,,0.0,0.0,0.0,0.0,0.0,0.0
11:00:16.970928,,-0.22022917337426035,-0.5318568903149677,0.08759420417000001,-2.623682411602379,-0.3493043838496043,0.4528984461561089,,0.11275925177124874,0.5512892385883292,-0.43143903894913654,-0.6375809667991508,-0.6038693553701002,-0.47836420478581004,0.5720705016310025,0.044762102432241754,-0.8189821092975711,0.5159707859357093,-0.7958254556312868,0.3169163805014518,,0.025694535919823173,0.2682710280063559,-0.12906192945522854,-0.41661613182318014,-0.7015188419239636,0.5781888046689678,0.8687559807438775,-0.49456094386674754,0.02593259411539256,0.2677574001603176,0.5131089240516784,0.8154907647742523,,0.08402820212686413,0.7871991096554704,1.1377680784101278,0.9955154581583485,-0.042603977264593126,-0.08446226192218509,0.018341926437523276,-0.7889715436256064,0.6141559061700771,-0.09280380543024219,-0.6129508989064835,-0.7846519287094118,,0.13476722099839372,0.6115883973603566,-0.4623324771344204,0.9968452069282863,-0.07095485174362198,-0.03556743507962096,-0.03454837532454953,-0.7913426533261574,0.6103959491913026,-0.07145658252768937,-0.6072414791833293,-0.7912975058552287,,0.0,0.0,0.045,1.0,0.0,0.0,0.0,1.0,0.0,0.0,0.0,1.0,,-0.019501160741314527,-0.1568017533185176,0.2605595468860936,False,,0.10707919927521287,0.4924684275935287,-0.4102901940507383,-0.41559228695559297,-0.5954942037313771,-0.6875097849088068,0.7018785207662948,0.2707828101892555,-0.6588195593581962,0.578489060492883,-0.7563486782088955,0.3054293434850664,False,,0.0,0.0,0.0,0.0,0.0,0.0
11:00:17.085206,,-0.2237430168320325,-0.5286442334392903,0.08192941687000001,-2.5855212832629215,-0.3290490221133177,0.4108097092769574,,0.10738003233205098,0.5547550106833663,-0.4301170327107468,-0.6816783376489086,-0.5863656665217026,-0.4375956456647848,0.5384021374122238,0.002962767710726749,-0.8426828350200571,0.49541677647226406,-0.8100410650899443,0.31368087359253977,,0.02568228408218008,0.26826807859495405,-0.12905953450833663,-0.41654488229210457,-0.7015449599079238,0.5782084448504463,0.8688037380092017,-0.4944767051910488,0.025938933612783904,0.2677132818704006,0.5131543945865801,0.8154766345266952,,0.08402820212686413,0.7871991096554704,1.1377680784101278,0.9955154581583485,-0.042603977264593126,-0.08446226192218509,0.018341926437523276,-0.7889715436256064,0.6141559061700771,-0.09280380543024219,-0.6129508989064835,-0.7846519287094118,,0.13476722099839372,0.6115883973603566,-0.4623324771344204,0.9968452069282863,-0.07095485174362198,-0.03556743507962096,-0.03454837532454953,-0.7913426533261574,0.6103959491913026,-0.07145658252768937,-0.6072414791833293,-0.7912975058552287,,0.0,0.0,0.045,1.0,0.0,0.0,0.0,1.0,0.0,0.0,0.0,1.0,,-0.019501160741314527,-0.1568017533185176,0.2605595468860936,False,,0.10776547033640539,0.4976911582122683,-0.4122650901949861,-0.4521692083808319,-0.6024335215704162,-0.657736162211353,0.6884821139853488,0.23307285422203933,-0.6867819328921355,0.5670409030347966,-0.763381226329977,0.3093763364777978,False,,0.0,0.0,0.0,0.0,0.0,0.0
11:00:17.211942,,-0.22789012438549106,-0.5228753519822447,0.07702814438000001,-2.5366666519272423,-0.29497708912645154,0.3657138694429249,,0.0749683874585953,0.5679006311611968,-0.42382524041573166,-0.8806034013163386,-0.4013411176105106,-0.25191855212596476,0.3214689398312189,-0.11540865282190231,-0.9398609277853962,0.3481312544341403,-0.9086287196478986,0.23064795580523104,,0.02567090290114513,0.2682652925715276,-0.1290577897703549,-0.416472634888161,-0.701567976776264,0.5782325641454107,0.8688514299709017,-0.4943925288443803,0.025946096954689107,0.26767091159413664,0.5132040347383509,0.815459307201436,,0.08402820212686413,0.7871991096554704,1.1377680784101278,0.9955154581583485,-0.042603977264593126,-0.08446226192218509,0.018341926437523276,-0.7889715436256064,0.6141559061700771,-0.09280380543024219,-0.6129508989064835,-0.7846519287094118,,0.13476722099839372,0.6115883973603566,-0.4623324771344204,0.9968452069282863,-0.07095485174362198,-0.03556743507962096,-0.03454837532454953,-0.7913426533261574,0.6103959491913026,-0.07145658252768937,-0.6072414791833293,-0.7912975058552287,,0.0,0.0,0.045,1.0,0.0,0.0,0.0,1.0,0.0,0.0,0.0,1.0,,-0.019501160741314527,-0.1568017533185176,0.2605595468860936,False,,0.10828863964671655,0.5019266521679301,-0.4137062151082158,-0.49691780556944537,-0.6046505094959018,-0.6224712490343579,0.6670906628010407,0.192620948895719,-0.7196438130423837,0.5550340008609521,-0.772848582461571,0.3076399299106431,False,,0.0,0.0,0.0,0.0,0.0,0.0
