camera_matrix:
- [344.8487939235932, 0.0, 255.79100856776722]
- [0.0, 346.55611785780053, 244.21200357744578]
- [0.0, 0.0, 1.0]
dist_coeff:
- [0.22350974982160954, -0.8978320421283504, 0.027159860461733024, 0.0005532347503763741,
  0.9017085973696948]
mean reprojection error: [0.2528423849606029]
