System Time,q_des,q0,q1,q2,q3,q4,q5,T_des,Tx,Ty,Tz,R00,R01,R02,R10,R11,R12,R20,R21,R22,T_target,Tx,Ty,Tz,R00,R01,R02,R10,R11,R12,R20,R21,R22,worldFrame,Tx,Ty,Tz,R00,R01,R02,R10,R11,R12,R20,R21,R22,ECM_T_PSM_RCM,Tx,Ty,Tz,R00,R01,R02,R10,R11,R12,R20,R21,R22,psm3_T_cam,Tx,Ty,Tz,R00,R01,R02,R10,R11,R12,R20,R21,R22,offset,x,y,z,IK Trigered,ECM_T_PSM3,Tx,Ty,Tz,R00,R01,R02,R10,R11,R12,R20,R21,R22
15:53:19.074437,,-0.14986735415720084,-0.4787244881403031,0.027530607020000004,-3.228599198741583,-0.3176469972948783,0.5777174447328728,,0.12927653418243087,0.4962129058120572,-0.4074859006187605,0.5320783810169621,-0.3471909078402178,-0.7722377030211967,0.6760798961134971,0.7232807889851759,0.14064449635924098,0.5097142047515759,-0.5969282819552671,0.6195708641280686,,0.013896897807285029,0.2856869732924782,-0.07745508521506793,0.13429798544713312,0.7722377030211967,0.6209774401195166,-0.9170178971119396,-0.14064449635924098,0.3732255377385796,0.37555589128815176,-0.6195708641280686,0.6892675219697795,,0.030391278827471595,0.7540910713450895,1.2033428329483908,0.992106297613451,-0.10820197047696511,-0.06338318247479297,-0.04398874283783835,-0.7736207938306751,0.6321201292921647,-0.11743119150923001,-0.624342214604858,-0.7722737301779884,,0.0,0.0,0.0,1.0,0.0,0.0,0.0,1.0,0.0,0.0,0.0,1.0,,0.0,0.0,0.045,1.0,0.0,0.0,0.0,1.0,0.0,0.0,0.0,1.0,,-0.004532675332162834,-0.1840998204509654,0.22948081799119216,True,,0.1204266512571284,0.5444389148163531,-0.41200241409141025,0.1577569119392789,-0.7706791676759871,-0.6173867323206993,0.677957232489281,0.5391106523750356,-0.4997336244553081,0.7179740577840247,-0.339725367033449,0.6075359473670102
15:53:26.621881,,0.011414199188103826,-0.6390406998763297,0.07407908463000001,-3.1577285318254478,-0.5943808467118267,0.7288494593773169,,0.1336789181937745,0.47206181567924865,-0.40536809422646103,0.5321566873680069,-0.34721288635127945,-0.772173861019086,0.6760447786795432,0.7233092145014943,0.14066711569289675,0.5096790336178612,-0.5968810532835205,0.6196452944399065,,0.013864817101946283,0.2856605430615731,-0.07747106061784975,0.13421165901645432,0.7721738542069803,0.621075479969399,-0.9170792968342547,-0.14066711445193364,0.3730660914446484,0.37543678064099045,-0.6196452889734053,0.6892654945309717,,0.030391278827471595,0.7540910713450895,1.2033428329483908,0.992106297613451,-0.10820197047696511,-0.06338318247479297,-0.04398874283783835,-0.7736207938306751,0.6321201292921647,-0.11743119150923001,-0.624342214604858,-0.7722737301779884,,0.13044454677121256,0.6078453069522213,-0.44675695999754295,0.9947083720837134,-0.09479354541833812,-0.03961613627791575,-0.05182787475433221,-0.795927983948235,0.6031687291020212,-0.08870809379655376,-0.5979237644676115,-0.7966291772084814,,0.0,0.0,0.045,1.0,0.0,0.0,0.0,1.0,0.0,0.0,0.0,1.0,,-0.004532675332162834,-0.1840998204509654,0.22948081799119216,True,,0.12927339549548156,0.49616667077835774,-0.40773928920569463,0.11033121677874341,-0.7773048104707054,-0.6193740826214983,0.7675360070937296,0.46255237748450045,-0.4437722117235941,0.6314392293948295,-0.4264299821805883,0.6476433971551991
15:53:26.709384,,0.01142192192097805,-0.6390406998763297,0.07407908463000001,-3.1577285318254478,-0.5943808467118267,0.7288494593773169,,0.13367237111481522,0.47205664245262025,-0.40537291703464184,0.5321836980273947,-0.34722134134764066,-0.7721514434789537,0.6760326635961502,0.7233191800383416,0.14067409690399812,0.5096669003427445,-0.5968640581417232,0.6196716443356213,,0.013854442177684882,0.285651312433001,-0.07747654703856865,0.13418282465658776,0.7721514373098712,0.6211095808700225,-0.917100543836822,-0.14067409578008633,0.3730112267636405,0.37539518654671156,-0.6196716393847719,0.6892644610603424,,0.030391278827471595,0.7540910713450895,1.2033428329483908,0.992106297613451,-0.10820197047696511,-0.06338318247479297,-0.04398874283783835,-0.7736207938306751,0.6321201292921647,-0.11743119150923001,-0.624342214604858,-0.7722737301779884,,0.13044454677121256,0.6078453069522213,-0.44675695999754295,0.9947083720837134,-0.09479354541833812,-0.03961613627791575,-0.05182787475433221,-0.795927983948235,0.6031687291020212,-0.08870809379655376,-0.5979237644676115,-0.7966291772084814,,0.0,0.0,0.045,1.0,0.0,0.0,0.0,1.0,0.0,0.0,0.0,1.0,,-0.004532675332162834,-0.1840998204509654,0.22948081799119216,True,,0.1292741509805449,0.49616663704139385,-0.40773936416750156,0.11033155379679521,-0.7773095674610969,-0.6193680525908868,0.7675360539328714,0.4625491005826793,-0.4437755462655767,0.6314391135730676,-0.4264248654611936,0.6476468790679546
15:53:26.782934,,0.012263699804268521,-0.6396430730405193,0.07441482374000001,-3.186034863286034,-0.6028317592243171,0.7481485802415949,,0.13379368549019877,0.4719099172806935,-0.405348008124331,0.5321965200816425,-0.34722472252504344,-0.7721410856057308,0.6760269121960656,0.7233237957420928,0.1406780028998999,0.5096611403664625,-0.5968564974771221,0.6196836639929274,,0.013849015669786111,0.28564701249517777,-0.07747916938217121,0.13416844865647715,0.7721410804319947,0.6211255637094757,-0.9171105801857685,-0.14067800195728608,0.37298508023192645,0.3753758086177438,-0.6196836598407331,0.6892642095959699,,0.030391278827471595,0.7540910713450895,1.2033428329483908,0.992106297613451,-0.10820197047696511,-0.06338318247479297,-0.04398874283783835,-0.7736207938306751,0.6321201292921647,-0.11743119150923001,-0.624342214604858,-0.7722737301779884,,0.13044454677121256,0.6078453069522213,-0.44675695999754295,0.9947083720837134,-0.09479354541833812,-0.03961613627791575,-0.05182787475433221,-0.795927983948235,0.6031687291020212,-0.08870809379655376,-0.5979237644676115,-0.7966291772084814,,0.0,0.0,0.045,1.0,0.0,0.0,0.0,1.0,0.0,0.0,0.0,1.0,,-0.004532675332162834,-0.1840998204509654,0.22948081799119216,True,,0.12952381170956032,0.49587809206472827,-0.4076850609563949,0.13300900457194464,-0.7743053442765503,-0.6186758751782337,0.7713010449609051,0.47287638763183193,-0.42600776995553197,0.6224173059491489,-0.42052247959537487,0.6601193387638037
15:53:26.845614,,0.014958933577372876,-0.6413729652043455,0.07566963246000001,-3.2225185793907904,-0.6076608520885973,0.7945424534092523,,0.13401751064440698,0.47128031638722656,-0.4052856804362526,0.532204213201559,-0.3472267512530532,-0.7721348707737269,0.6760234613052593,0.7233265652072233,0.1406803462832576,0.5096576843483929,-0.596851960941548,0.6196908757637656,,0.013845759761112415,0.28564443253013533,-0.07748074279424592,0.13415982287560535,0.7721348663722201,0.6211351532939223,-0.9171166018807073,-0.14068034548131803,0.37296939224173015,0.37536418193521714,-0.6196908722312562,0.6892640585381588,,0.030391278827471595,0.7540910713450895,1.2033428329483908,0.992106297613451,-0.10820197047696511,-0.06338318247479297,-0.04398874283783835,-0.7736207938306751,0.6321201292921647,-0.11743119150923001,-0.624342214604858,-0.7722737301779884,,0.13044454677121256,0.6078453069522213,-0.44675695999754295,0.9947083720837134,-0.09479354541833812,-0.03961613627791575,-0.05182787475433221,-0.795927983948235,0.6031687291020212,-0.08870809379655376,-0.5979237644676115,-0.7966291772084814,,0.0,0.0,0.045,1.0,0.0,0.0,0.0,1.0,0.0,0.0,0.0,1.0,,-0.004532675332162834,-0.1840998204509654,0.22948081799119216,True,,0.129975681225611,0.4946218334672573,-0.4075577143436835,0.16233034810477592,-0.7571568828913411,-0.6327419005996446,0.7715215305404173,0.49715600940659543,-0.3969766116832089,0.6151450121692887,-0.42373264802370053,0.6648663452168928
15:53:26.931180,,0.018202481384547168,-0.6437901805939779,0.07753369748000001,-3.2562765006141574,-0.6087339838362151,0.8448877452272537,,0.13424534137985794,0.4703231034482076,-0.4052030045931012,0.5322355310876266,-0.34723554340605606,-0.7721093295922365,0.6760094123059086,0.7233379371792216,0.1406893852112821,0.5096436146187766,-0.5968330637898754,0.619720646780062,,0.013832927322765799,0.2856338603448795,-0.07748713319965583,0.1341252848737572,0.7721093295903947,0.621174364500205,-0.9171411572035326,-0.14068938521094648,0.3729056109091949,0.3753165406908246,-0.6197206467785836,0.6892632401596908,,0.030391278827471595,0.7540910713450895,1.2033428329483908,0.992106297613451,-0.10820197047696511,-0.06338318247479297,-0.04398874283783835,-0.7736207938306751,0.6321201292921647,-0.11743119150923001,-0.624342214604858,-0.7722737301779884,,0.13044454677121256,0.6078453069522213,-0.44675695999754295,0.9947083720837134,-0.09479354541833812,-0.03961613627791575,-0.05182787475433221,-0.795927983948235,0.6031687291020212,-0.08870809379655376,-0.5979237644676115,-0.7966291772084814,,0.0,0.0,0.045,1.0,0.0,0.0,0.0,1.0,0.0,0.0,0.0,1.0,,-0.004532675332162834,-0.1840998204509654,0.22948081799119216,True,,0.13044813401799057,0.492719380808319,-0.4073813577444448,0.18953689975778126,-0.7359722392262202,-0.6499389407617858,0.7689398549548372,0.5228860590398983,-0.36786093666460173,0.6105794486323978,-0.430040733361466,0.6650245894383828
15:53:27.007856,,0.022426816266747977,-0.6477982789557003,0.08170775128,-3.307856926831226,-0.6087339838362151,0.9230684112242529,,0.13456684797861473,0.46821876840732807,-0.4049227379785243,0.532212397379613,-0.3472234740330041,-0.7721307034148406,0.6760197900578835,0.7233285211488946,0.1406879310482896,0.5096540076616095,-0.5968514970853344,0.6196943463526636,,0.013832140417314136,0.2856356155812475,-0.07748749577492303,0.13414761602814224,0.7721307005505442,0.6211429714341867,-0.9171208548990988,-0.1406879305263936,0.37295607823729826,0.37535815856846805,-0.6196943440538453,0.6892642202556014,,0.030391278827471595,0.7540910713450895,1.2033428329483908,0.992106297613451,-0.10820197047696511,-0.06338318247479297,-0.04398874283783835,-0.7736207938306751,0.6321201292921647,-0.11743119150923001,-0.624342214604858,-0.7722737301779884,,0.13044454677121256,0.6078453069522213,-0.44675695999754295,0.9947083720837134,-0.09479354541833812,-0.03961613627791575,-0.05182787475433221,-0.795927983948235,0.6031687291020212,-0.08870809379655376,-0.5979237644676115,-0.7966291772084814,,0.0,0.0,0.045,1.0,0.0,0.0,0.0,1.0,0.0,0.0,0.0,1.0,,-0.004532675332162834,-0.1840998204509654,0.22948081799119216,True,,0.13108862117845224,0.4885087300949281,-0.40682453850627054,0.2308351693236955,-0.7006076181204199,-0.675177080501799,0.7634505906574394,0.5606124557397375,-0.3207130650507834,0.6032066977646285,-0.441432486232145,0.6642883710187913
15:53:27.068328,,0.02597927338889125,-0.6507097492492829,0.08633161771,-3.3550341459322035,-0.6088681253046674,0.993533434339789,,0.13485541717429483,0.46591850705411475,-0.40453235422066236,0.5321876238517785,-0.34720937324871126,-0.7721541194264491,0.6760309026693205,0.723318224114977,0.1406874738534298,0.5096651367860092,-0.5968721787714628,0.6196652729930132,,0.013830779805744101,0.2856381277202859,-0.07748756829432767,0.13417004583706132,0.7721541149734005,0.6211090161925144,-0.9170991430339036,-0.14068747304207863,0.3730096315665609,0.37540318207557594,-0.6196652694193749,0.6892658364004798,,0.030391278827471595,0.7540910713450895,1.2033428329483908,0.992106297613451,-0.10820197047696511,-0.06338318247479297,-0.04398874283783835,-0.7736207938306751,0.6321201292921647,-0.11743119150923001,-0.624342214604858,-0.7722737301779884,,0.13044454677121256,0.6078453069522213,-0.44675695999754295,0.9947083720837134,-0.09479354541833812,-0.03961613627791575,-0.05182787475433221,-0.795927983948235,0.6031687291020212,-0.08870809379655376,-0.5979237644676115,-0.7966291772084814,,0.0,0.0,0.045,1.0,0.0,0.0,0.0,1.0,0.0,0.0,0.0,1.0,,-0.004532675332162834,-0.1840998204509654,0.22948081799119216,True,,0.13166349069958316,0.4839056243842599,-0.4060482048418878,0.26798313101488513,-0.667556701312499,-0.6946604148965407,0.7586772969623541,0.590625126591026,-0.2749012893989964,0.5937960934237905,-0.4533541776272828,0.6647376844007983
15:53:27.124462,,0.0287671799564863,-0.6528026098581978,0.08935586228,-3.3904694793902714,-0.6084657008993107,1.0469882863662754,,0.1350851260809975,0.4644041343666179,-0.4043094750018175,0.5321628783067021,-0.34719544741547453,-0.7721774357272393,0.6760420019422729,0.7233079684162574,0.14068686660605623,0.5096762526959737,-0.5968927073767236,0.6196363557105692,,0.0138294005707774,0.2856401739238361,-0.07748762151433672,0.1341912856171913,0.7721774312222288,0.6210754397874028,-0.917078269445552,-0.14068686578526585,0.3730611770714561,0.37544658063009057,-0.6196363520955085,0.6892681949623196,,0.030391278827471595,0.7540910713450895,1.2033428329483908,0.992106297613451,-0.10820197047696511,-0.06338318247479297,-0.04398874283783835,-0.7736207938306751,0.6321201292921647,-0.11743119150923001,-0.624342214604858,-0.7722737301779884,,0.13044454677121256,0.6078453069522213,-0.44675695999754295,0.9947083720837134,-0.09479354541833812,-0.03961613627791575,-0.05182787475433221,-0.795927983948235,0.6031687291020212,-0.08870809379655376,-0.5979237644676115,-0.7966291772084814,,0.0,0.0,0.045,1.0,0.0,0.0,0.0,1.0,0.0,0.0,0.0,1.0,,-0.004532675332162834,-0.1840998204509654,0.22948081799119216,True,,0.13212067372133263,0.480874738682373,-0.40560687536296797,0.2955719147411992,-0.641744505323535,-0.7076731117566024,0.7546666080683538,0.6110571139854102,-0.23892993557615838,0.58576066262837,-0.46343628832329575,0.6649144702759144
15:53:27.180032,,0.031122613483124773,-0.6545479474877726,0.09155955528000001,-3.419404840438871,-0.6075267106201451,1.091009948149236,,0.13527906347289959,0.4632913267022415,-0.4041754716709115,0.5321386487699,-0.3471820234886276,-0.7722001690311179,0.6760528690054115,0.7232979658171341,0.14068607235383204,0.5096871361873838,-0.5969126361630636,0.6196082052345381,,0.013828231140487436,0.28564243373081305,-0.07748779086703367,0.13421367844757365,0.7722001659973572,0.6210423369576177,-0.9170570252748333,-0.14068607180111542,0.3731137008175914,0.37549046999118235,-0.619608202800269,0.6892695946514511,,0.030391278827471595,0.7540910713450895,1.2033428329483908,0.992106297613451,-0.10820197047696511,-0.06338318247479297,-0.04398874283783835,-0.7736207938306751,0.6321201292921647,-0.11743119150923001,-0.624342214604858,-0.7722737301779884,,0.13044454677121256,0.6078453069522213,-0.44675695999754295,0.9947083720837134,-0.09479354541833812,-0.03961613627791575,-0.05182787475433221,-0.795927983948235,0.6031687291020212,-0.08870809379655376,-0.5979237644676115,-0.7966291772084814,,0.0,0.0,0.045,1.0,0.0,0.0,0.0,1.0,0.0,0.0,0.0,1.0,,-0.004532675332162834,-0.1840998204509654,0.22948081799119216,True,,0.13250619427332558,0.47864674043754857,-0.40534306267224374,0.31795934233949774,-0.619997752158983,-0.7172897907657979,0.7508796017926824,0.6265823622059896,-0.20874474121286157,0.5788624018112566,-0.47222593182730876,0.6647713810620409
15:53:27.237508,,0.033740619927486885,-0.65666397629531,0.09373861877,-3.4523240555448873,-0.606319437404075,1.1399240041554395,,0.135497151619901,0.4621789435897304,-0.4040834231232495,0.5321144180902099,-0.34716859946311784,-0.7722229015040506,0.6760637358277324,0.7232879635393998,0.14068527605146827,0.5096980195754809,-0.5969325634825471,0.6195800541455379,,0.013827061687559213,0.285644693525153,-0.07748796028083221,0.13423606953063177,0.7722229014948396,0.6210092334418248,-0.9170357802232103,-0.1406852760497902,0.3731662241807882,0.3755343598174731,-0.6195800541381475,0.6892709924890174,,0.030391278827471595,0.7540910713450895,1.2033428329483908,0.992106297613451,-0.10820197047696511,-0.06338318247479297,-0.04398874283783835,-0.7736207938306751,0.6321201292921647,-0.11743119150923001,-0.624342214604858,-0.7722737301779884,,0.13044454677121256,0.6078453069522213,-0.44675695999754295,0.9947083720837134,-0.09479354541833812,-0.03961613627791575,-0.05182787475433221,-0.795927983948235,0.6031687291020212,-0.08870809379655376,-0.5979237644676115,-0.7966291772084814,,0.0,0.0,0.045,1.0,0.0,0.0,0.0,1.0,0.0,0.0,0.0,1.0,,-0.004532675332162834,-0.1840998204509654,0.22948081799119216,True,,0.13294001648695208,0.4764195909913199,-0.4051631595819163,0.34316204874906403,-0.5957565665580141,-0.7261638394338787,0.7462839414599546,0.6423868233572381,-0.17435437446761173,0.5703508455480193,-0.48209260788774144,0.6650463370342372
15:53:27.285783,,0.03572536227616258,-0.6583398093290168,0.09528638903000002,-3.476017503360045,-0.6041731739088394,1.1787876313651817,,0.13565615124983138,0.4613786523293807,-0.40404119059738386,0.5321138425776428,-0.34716774722963634,-0.7722236812095022,0.6760639939208171,0.7232876288047696,0.14068575671263694,0.5096982780636883,-0.5969334647190366,0.6195789732047384,,0.013826889052971086,0.28564541174747593,-0.07748788296340309,0.13423729085439318,0.7722236812048967,0.6210079998828544,-0.9170344710108064,-0.1406857567117979,0.3731692602887216,0.375537120282504,-0.6195789732010433,0.6892704601570687,,0.030391278827471595,0.7540910713450895,1.2033428329483908,0.992106297613451,-0.10820197047696511,-0.06338318247479297,-0.04398874283783835,-0.7736207938306751,0.6321201292921647,-0.11743119150923001,-0.624342214604858,-0.7722737301779884,,0.13044454677121256,0.6078453069522213,-0.44675695999754295,0.9947083720837134,-0.09479354541833812,-0.03961613627791575,-0.05182787475433221,-0.795927983948235,0.6031687291020212,-0.08870809379655376,-0.5979237644676115,-0.7966291772084814,,0.0,0.0,0.045,1.0,0.0,0.0,0.0,1.0,0.0,0.0,0.0,1.0,,-0.004532675332162834,-0.1840998204509654,0.22948081799119216,True,,0.133258067527056,0.4748183647507788,-0.4050789393934379,0.361417082692214,-0.5751742091711761,-0.7338612412728728,0.7419889398989102,0.6540518416999301,-0.14720258637884434,0.5646504276151226,-0.4913153951111666,0.6631584102767734
15:53:27.336891,,0.03752475903585689,-0.6598225740408679,0.096573605,-3.497404509352488,-0.6032341836296737,1.2077930947451943,,0.13580105543265505,0.4607212212431447,-0.4040170720508466,0.5321143597396564,-0.3471682493464821,-0.7722230991135621,0.6760637619955111,0.7232878815577711,0.1406855717838494,0.5096980457833172,-0.5969328664409178,0.6195797407011441,,0.013827098877368988,0.2856456253619294,-0.077487999037362,0.13423844566469106,0.7722230991071145,0.6210084740921274,-0.9170341011720781,-0.14068557178267477,0.37317023884951217,0.3755376106015852,-0.619579740695971,0.6892695031162097,,0.030391278827471595,0.7540910713450895,1.2033428329483908,0.992106297613451,-0.10820197047696511,-0.06338318247479297,-0.04398874283783835,-0.7736207938306751,0.6321201292921647,-0.11743119150923001,-0.624342214604858,-0.7722737301779884,,0.13044454677121256,0.6078453069522213,-0.44675695999754295,0.9947083720837134,-0.09479354541833812,-0.03961613627791575,-0.05182787475433221,-0.795927983948235,0.6031687291020212,-0.08870809379655376,-0.5979237644676115,-0.7966291772084814,,0.0,0.0,0.045,1.0,0.0,0.0,0.0,1.0,0.0,0.0,0.0,1.0,,-0.004532675332162834,-0.1840998204509654,0.22948081799119216,True,,0.13354775629317617,0.47350326029989126,-0.4050304672644617,0.3773374912128493,-0.56150675240766,-0.7364282617647123,0.7387681424978905,0.6620302963762714,-0.12624388424855648,0.5584246138516903,-0.4964131884635511,0.6646321516177511
15:53:27.385683,,0.03920059206956361,-0.6609500930405047,0.09767934037,-3.5143883082288396,-0.6013562030713426,1.233085240581366,,0.1359321302323782,0.4601405956243648,-0.4039909725456924,0.5321164867518903,-0.3471706079102309,-0.7722205731072347,0.6760628081168109,0.7232889745552324,0.14068453635013542,0.5096970904449403,-0.5969301703634028,0.6195831241261187,,0.013827900987330999,0.2856455479833781,-0.07748842457522882,0.13424068876472595,0.7722205730971026,0.6210111302861753,-0.9170343008797497,-0.14068453634828954,0.373170138430467,0.3755363210978654,-0.6195831241179893,0.6892671643261643,,0.030391278827471595,0.7540910713450895,1.2033428329483908,0.992106297613451,-0.10820197047696511,-0.06338318247479297,-0.04398874283783835,-0.7736207938306751,0.6321201292921647,-0.11743119150923001,-0.624342214604858,-0.7722737301779884,,0.13044454677121256,0.6078453069522213,-0.44675695999754295,0.9947083720837134,-0.09479354541833812,-0.03961613627791575,-0.05182787475433221,-0.795927983948235,0.6031687291020212,-0.08870809379655376,-0.5979237644676115,-0.7966291772084814,,0.0,0.0,0.045,1.0,0.0,0.0,0.0,1.0,0.0,0.0,0.0,1.0,,-0.004532675332162834,-0.1840998204509654,0.22948081799119216,True,,0.13380949531364117,0.47234192594865715,-0.40497731828541544,0.39044565937894005,-0.5484757690465545,-0.7394095738093573,0.7354557187877673,0.6689356882269402,-0.10784215650068713,0.553766261860104,-0.5016964976807599,0.6645626768336799
15:53:27.410990,,0.04065246584991782,-0.6615756344033168,0.09858415079,-3.5286463122238025,-0.5996123639814636,1.25252154792543,,0.13604587244335314,0.4596769133385987,-0.4039531421086703,0.5321170330889927,-0.3471712850802026,-0.7722198922019095,0.6760625631058466,0.7232892682996522,0.14068420355287595,0.5096968450592185,-0.5969294206003878,0.6195840483407916,,0.013828092217378012,0.28564529567951913,-0.07748852126987935,0.13424065550592928,0.7722198921917773,0.621011984172944,-0.9170347705729063,-0.14068420355103006,0.3731691096611133,0.37553518602574926,-0.6195840483326622,0.6892669519729447,,0.030391278827471595,0.7540910713450895,1.2033428329483908,0.992106297613451,-0.10820197047696511,-0.06338318247479297,-0.04398874283783835,-0.7736207938306751,0.6321201292921647,-0.11743119150923001,-0.624342214604858,-0.7722737301779884,,0.13044454677121256,0.6078453069522213,-0.44675695999754295,0.9947083720837134,-0.09479354541833812,-0.03961613627791575,-0.05182787475433221,-0.795927983948235,0.6031687291020212,-0.08870809379655376,-0.5979237644676115,-0.7966291772084814,,0.0,0.0,0.045,1.0,0.0,0.0,0.0,1.0,0.0,0.0,0.0,1.0,,-0.004532675332162834,-0.1840998204509654,0.22948081799119216,True,,0.1340368940458695,0.47141476209740873,-0.4049014174634464,0.4012753496190763,-0.5390063172171633,-0.7405742932266006,0.7327625876959611,0.6740262593483756,-0.09352856131661455,0.5495790060229806,-0.5051344293441375,0.6654337866609762
15:53:27.461062,,0.041417016404466045,-0.6618150391224178,0.09905470406000001,-3.5336785489279063,-0.5990757981076547,1.2609975851349615,,0.13610094799370642,0.459439801879464,-0.4039235085905661,0.5321165159240582,-0.347170782970471,-0.7722204743028455,0.6760627950342366,0.723289015545404,0.1406843884795185,0.5096970773423537,-0.5969300188824738,0.6195832808474032,,0.013827882391729183,0.2856450820653958,-0.07748840519776984,0.1342395006943674,0.7722204742881078,0.6210115099620996,-0.9170351404037076,-0.14068438847683357,0.37316813109573277,0.37553469570721354,-0.6195832808355786,0.6892679090099447,,0.030391278827471595,0.7540910713450895,1.2033428329483908,0.992106297613451,-0.10820197047696511,-0.06338318247479297,-0.04398874283783835,-0.7736207938306751,0.6321201292921647,-0.11743119150923001,-0.624342214604858,-0.7722737301779884,,0.13044454677121256,0.6078453069522213,-0.44675695999754295,0.9947083720837134,-0.09479354541833812,-0.03961613627791575,-0.05182787475433221,-0.795927983948235,0.6031687291020212,-0.08870809379655376,-0.5979237644676115,-0.7966291772084814,,0.0,0.0,0.045,1.0,0.0,0.0,0.0,1.0,0.0,0.0,0.0,1.0,,-0.004532675332162834,-0.1840998204509654,0.22948081799119216,True,,0.13414716474657976,0.47094078145689217,-0.40484238546082263,0.4050612285198014,-0.5346989256619495,-0.7416349911148924,0.7318969896926483,0.6757773089096994,-0.08747471201212656,0.5479527330243633,-0.5073678031356759,0.665075721036642
15:53:27.522447,,0.042197012424762724,-0.6620235529100219,0.09983118177000001,-3.544581728453466,-0.5976002419546802,1.2748526818152806,,0.13617158948048844,0.4590497668183227,-0.4038642362316234,0.5321165159240582,-0.347170782970471,-0.7722204743028455,0.6760627950342366,0.723289015545404,0.1406843884795185,0.5096970773423537,-0.5969300188824738,0.6195832808474032,,0.013827882391729183,0.2856450820653958,-0.07748840519776984,0.1342395006943674,0.7722204742881078,0.6210115099620996,-0.9170351404037076,-0.14068438847683357,0.37316813109573277,0.3755346957072136,-0.6195832808355786,0.6892679090099447,,0.030391278827471595,0.7540910713450895,1.2033428329483908,0.992106297613451,-0.10820197047696511,-0.06338318247479297,-0.04398874283783835,-0.7736207938306751,0.6321201292921647,-0.11743119150923001,-0.624342214604858,-0.7722737301779884,,0.13044454677121256,0.6078453069522213,-0.44675695999754295,0.9947083720837134,-0.09479354541833812,-0.03961613627791575,-0.05182787475433221,-0.795927983948235,0.6031687291020212,-0.08870809379655376,-0.5979237644676115,-0.7966291772084814,,0.0,0.0,0.045,1.0,0.0,0.0,0.0,1.0,0.0,0.0,0.0,1.0,,-0.004532675332162834,-0.1840998204509654,0.22948081799119216,True,,0.1342884477201438,0.47016071133460957,-0.4047238407429372,0.4133032210672223,-0.5279128773242937,-0.7419490827615086,0.7298192518633516,0.6793126735410395,-0.07679942171750248,0.5445588187377711,-0.5097472761297603,0.6660430972641433
15:53:27.580642,,0.042173844226140046,-0.6621007802387641,0.10049228967000001,-3.5521300835096223,-0.5947832711171833,1.2896122273466386,,0.13618473848180415,0.45871478442536917,-0.403803532555303,0.5321159987600721,-0.34717028085905594,-0.7722210564027734,0.676063026961858,0.7232887627914694,0.14068457340716334,0.509697309624782,-0.5969306171640301,0.6195825133534913,,0.013827672567364849,0.28564486845086945,-0.0774882891238156,0.13423834588402017,0.7722210563889567,0.6210110357538438,-0.9170355102398053,-0.14068457340464618,0.3731671525327334,0.3755342053898124,-0.6195825133424057,0.6892688660506621,,0.030391278827471595,0.7540910713450895,1.2033428329483908,0.992106297613451,-0.10820197047696511,-0.06338318247479297,-0.04398874283783835,-0.7736207938306751,0.6321201292921647,-0.11743119150923001,-0.624342214604858,-0.7722737301779884,,0.13038898187117376,0.6078368031503771,-0.4467577075583673,0.9947004240876782,-0.0948709536253383,-0.039630398408449036,-0.05187981086493344,-0.7959148226484885,0.6031816312795377,-0.08876683808952657,-0.5979290068617213,-0.7966186987567789,,0.0,0.0,0.045,1.0,0.0,0.0,0.0,1.0,0.0,0.0,0.0,1.0,,-0.004532675332162834,-0.1840998204509654,0.22948081799119216,True,,0.13431486532165074,0.46949098882701384,-0.40460266842580705,0.4195079952072908,-0.5181979340624776,-0.7453079518497976,0.7270879585040428,0.6833756391335741,-0.06588502437734153,0.5434667814646847,-0.5142651426765766,0.6634570223249259
15:53:27.630994,,0.042197012424762724,-0.6621316711702611,0.10088247296000001,-3.556113937567038,-0.5941125637749223,1.2937496197288452,,0.1361806059871581,0.4585293989920375,-0.40376034984623205,0.5321122528094595,-0.34717343419472035,-0.7722222199596993,0.6760647068625091,0.7232881690802211,0.14067955289768042,0.509698992097249,-0.5969295025863823,0.6195822030990099,,0.013832808607439868,0.28564810766122706,-0.07748711672494778,0.13424419094868728,0.7722222199143872,0.6210083253465073,-0.9170346170470364,-0.14067955288942569,0.37317124007467656,0.37553429699106444,-0.6195822030626543,0.6892690949941828,,0.030391278827471595,0.7540910713450895,1.2033428329483908,0.992106297613451,-0.10820197047696511,-0.06338318247479297,-0.04398874283783835,-0.7736207938306751,0.6321201292921647,-0.11743119150923001,-0.624342214604858,-0.7722737301779884,,0.13038898187117376,0.6078368031503771,-0.4467577075583673,0.9947004240876782,-0.0948709536253383,-0.039630398408449036,-0.05187981086493344,-0.7959148226484885,0.6031816312795377,-0.08876683808952657,-0.5979290068617213,-0.7966186987567789,,0.0,0.0,0.045,1.0,0.0,0.0,0.0,1.0,0.0,0.0,0.0,1.0,,-0.004532675332162834,-0.1840998204509654,0.22948081799119216,True,,0.13430128394096005,0.46911620057102293,-0.40451752349597764,0.42255912811871743,-0.5161362095863643,-0.7450148967620513,0.7261985694429794,0.6846449080485627,-0.06242585699968739,0.542290900700463,-0.5146501365364591,0.6641203324552597
15:53:27.679840,,0.042359189815121434,-0.662201175766129,0.10126098964000001,-3.558839732448428,-0.5941125637749223,1.2979514000159087,,0.13620025594516422,0.4583460892898559,-0.4037212612364208,0.5321084776518712,-0.3471764124885622,-0.7722234823045592,0.6760663998430385,0.7232875343496682,0.14067468022942262,0.5097006876729526,-0.5969285394969397,0.6195817361089414,,0.01383796322521349,0.2856518127780063,-0.07748596370497925,0.13425122405586187,0.7722234822367627,0.62100523520019,-0.917032884296442,-0.14067468021707225,0.3731773349081977,0.3755360139625273,-0.619581736054546,0.6892685792847253,,0.030391278827471595,0.7540910713450895,1.2033428329483908,0.992106297613451,-0.10820197047696511,-0.06338318247479297,-0.04398874283783835,-0.7736207938306751,0.6321201292921647,-0.11743119150923001,-0.624342214604858,-0.7722737301779884,,0.13038898187117376,0.6078368031503771,-0.4467577075583673,0.9947004240876782,-0.0948709536253383,-0.039630398408449036,-0.05187981086493344,-0.7959148226484885,0.6031816312795377,-0.08876683808952657,-0.5979290068617213,-0.7966186987567789,,0.0,0.0,0.045,1.0,0.0,0.0,0.0,1.0,0.0,0.0,0.0,1.0,,-0.004532675332162834,-0.1840998204509654,0.22948081799119216,True,,0.1343352335757454,0.46874512078630054,-0.4044405716797843,0.42449966317890664,-0.5140085405589427,-0.7453826240216903,0.7259024384877684,0.6852506959074758,-0.05913656699396597,0.5411706623224382,-0.515971611613261,0.6640087426011103
15:53:27.728202,,0.04262176273284507,-0.6623865213551104,0.10165246922000001,-3.5617752038591552,-0.5926370076219477,1.3049872139352556,,0.136222013005097,0.4581480564906707,-0.40369409683779933,0.532105248834155,-0.3471800679823409,-0.7722240637010214,0.6760678478013356,0.7232871933352629,0.14066947475009717,0.5097021378534841,-0.5969268266320213,0.6195821933485602,,0.013843309080036819,0.28565526558374216,-0.07748490737724223,0.13425822390851622,0.7722240636445449,0.6210029989420074,-0.9170316212340507,-0.14066947473980934,0.37318240096098443,0.3755365958512027,-0.6195821933032472,0.6892678512536026,,0.030391278827471595,0.7540910713450895,1.2033428329483908,0.992106297613451,-0.10820197047696511,-0.06338318247479297,-0.04398874283783835,-0.7736207938306751,0.6321201292921647,-0.11743119150923001,-0.624342214604858,-0.7722737301779884,,0.13038898187117376,0.6078368031503771,-0.4467577075583673,0.9947004240876782,-0.0948709536253383,-0.039630398408449036,-0.05187981086493344,-0.7959148226484885,0.6031816312795377,-0.08876683808952657,-0.5979290068617213,-0.7966186987567789,,0.0,0.0,0.045,1.0,0.0,0.0,0.0,1.0,0.0,0.0,0.0,1.0,,-0.004532675332162834,-0.1840998204509654,0.22948081799119216,True,,0.13437331172433606,0.4683447955328989,-0.4043872283381375,0.42702952958778645,-0.5092992118350708,-0.7471680491590962,0.7245370450464534,0.687096957935498,-0.05425717234742197,0.5410100287567574,-0.5181815157065717,0.6624168367158647
15:53:27.782845,,0.042977008445059396,-0.6624483032181042,0.10203228219,-3.564710675269883,-0.5919663002796866,1.310020067690115,,0.13625219319298942,0.4579610083436484,-0.4036585194139406,0.5321025955596372,-0.3471845756856153,-0.7722238653426197,0.6760690376481651,0.7232871870113357,0.14066378865476759,0.5097033295282473,-0.5969242125355853,0.6195837315138208,,0.013848827579323984,0.2856580001868164,-0.07748392836822904,0.13426400244673736,0.7722238652952904,0.6210019962872941,-0.9170316673569223,-0.14066378864614637,0.3731844309530025,0.3755344173161583,-0.6195837314758469,0.6892676555438388,,0.030391278827471595,0.7540910713450895,1.2033428329483908,0.992106297613451,-0.10820197047696511,-0.06338318247479297,-0.04398874283783835,-0.7736207938306751,0.6321201292921647,-0.11743119150923001,-0.624342214604858,-0.7722737301779884,,0.13038898187117376,0.6078368031503771,-0.4467577075583673,0.9947004240876782,-0.0948709536253383,-0.039630398408449036,-0.05187981086493344,-0.7959148226484885,0.6031816312795377,-0.08876683808952657,-0.5979290068617213,-0.7966186987567789,,0.0,0.0,0.045,1.0,0.0,0.0,0.0,1.0,0.0,0.0,0.0,1.0,,-0.004532675332162834,-0.1840998204509654,0.22948081799119216,True,,0.13442818434638595,0.4679670832910039,-0.4043168140838178,0.429311220637522,-0.5065003047371296,-0.7477628749382493,0.723806325220269,0.6881480938316602,-0.05056287696505413,0.5401817096180243,-0.5195282882163855,0.6620378224369821
15:53:27.826062,,0.043285917760028374,-0.662510085081098,0.10237450275000001,-3.5779202966181565,-0.591698017342782,1.3236604307077355,,0.13630649516618304,0.45778982689681225,-0.4036418751255876,0.5320993959143004,-0.34718840625215336,-0.7722243478625407,0.6760704725000642,0.7232868869190752,0.1406584353121167,0.5097047665866747,-0.5969223481953099,0.6195843454638124,,0.013854154846518453,0.2856609870802803,-0.07748285266172757,0.13426981424427264,0.7722243478505664,0.6210001397250756,-0.9170312437911214,-0.1406584353099356,0.373187489683211,0.37553337383341123,-0.6195843454542049,0.6892676722249254,,0.030391278827471595,0.7540910713450895,1.2033428329483908,0.992106297613451,-0.10820197047696511,-0.06338318247479297,-0.04398874283783835,-0.7736207938306751,0.6321201292921647,-0.11743119150923001,-0.624342214604858,-0.7722737301779884,,0.13038898187117376,0.6078368031503771,-0.4467577075583673,0.9947004240876782,-0.0948709536253383,-0.039630398408449036,-0.05187981086493344,-0.7959148226484885,0.6031816312795377,-0.08876683808952657,-0.5979290068617213,-0.7966186987567789,,0.0,0.0,0.045,1.0,0.0,0.0,0.0,1.0,0.0,0.0,0.0,1.0,,-0.004532675332162834,-0.1840998204509654,0.22948081799119216,True,,0.134531386234991,0.46762090373575693,-0.4042845060513646,0.43870843583575436,-0.5007573404486845,-0.7461749086596964,0.7222279303243719,0.6905654811713274,-0.03880892776136938,0.5347164902880029,-0.5218825559466166,0.6646178396738284
15:53:27.866734,,0.043285917760028374,-0.6624869168824753,0.10257672399000001,-3.5844202690276252,-0.5863323586046929,1.3467717313781045,,0.13631097995150135,0.45766948066065233,-0.4036395830425928,0.5320988495518707,-0.3471877290908789,-0.7722250287800145,0.6760707175100219,0.7232865931887732,0.14065876808383626,0.5097050119736513,-0.5969230979632945,0.6195834212491836,,0.013853963608625557,0.28566123937752363,-0.07748275596507,0.1342698474925259,0.7722250287708035,0.620999285805072,-0.9170307741030013,-0.1406587680821585,0.3731885184270861,0.3755345089050111,-0.6195834212417932,0.689267884584746,,0.030391278827471595,0.7540910713450895,1.2033428329483908,0.992106297613451,-0.10820197047696511,-0.06338318247479297,-0.04398874283783835,-0.7736207938306751,0.6321201292921647,-0.11743119150923001,-0.624342214604858,-0.7722737301779884,,0.13038898187117376,0.6078368031503771,-0.4467577075583673,0.9947004240876782,-0.0948709536253383,-0.039630398408449036,-0.05187981086493344,-0.7959148226484885,0.6031816312795377,-0.08876683808952657,-0.5979290068617213,-0.7966186987567789,,0.0,0.0,0.045,1.0,0.0,0.0,0.0,1.0,0.0,0.0,0.0,1.0,,-0.004532675332162834,-0.1840998204509654,0.22948081799119216,True,,0.13454044150131206,0.46738001054581024,-0.4042801618352999,0.4448973143502891,-0.4832697128796352,-0.7540005068281685,0.7178726316792369,0.6958141430704984,-0.022395602001167803,0.5354673326822346,-0.5313125849406382,0.6564919441347855
15:53:27.907758,,0.04327819502715415,-0.6624869168824753,0.10284635231000001,-3.5898718587904046,-0.5835153877671961,1.3511301486578795,,0.13631832975979236,0.45752604571390243,-0.4036216584117208,0.532099942276011,-0.3471890834127365,-0.7722236669442926,0.676070227490046,0.7232871806493337,0.14065810253908503,0.5097045211997078,-0.5969215984259257,0.6195852696773985,,0.013854346085469201,0.2856607347829935,-0.07748294935628211,0.13426978099563885,0.7722236669350813,0.6210009936488535,-0.9170317134845505,-0.14065810253740724,0.3731864609418586,0.3755322387640192,-0.6195852696700079,0.6892674598680624,,0.030391278827471595,0.7540910713450895,1.2033428329483908,0.992106297613451,-0.10820197047696511,-0.06338318247479297,-0.04398874283783835,-0.7736207938306751,0.6321201292921647,-0.11743119150923001,-0.624342214604858,-0.7722737301779884,,0.13038898187117376,0.6078368031503771,-0.4467577075583673,0.9947004240876782,-0.0948709536253383,-0.039630398408449036,-0.05187981086493344,-0.7959148226484885,0.6031816312795377,-0.08876683808952657,-0.5979290068617213,-0.7966186987567789,,0.0,0.0,0.045,1.0,0.0,0.0,0.0,1.0,0.0,0.0,0.0,1.0,,-0.004532675332162834,-0.1840998204509654,0.22948081799119216,True,,0.13455496972558734,0.46709354208740417,-0.40424383267597064,0.44957739409133124,-0.48057099814335036,-0.752948658585399,0.7153363302508824,0.6985295666229316,-0.018718418116390023,0.5349524290488346,-0.5301961526615253,0.6578129964949524
15:53:27.946456,,0.04330908595865105,-0.6624869168824753,0.10313023982000001,-3.5932266832598074,-0.5843202365779095,1.3540866668650073,,0.13633134101483418,0.4573903689559323,-0.40358840406499596,0.5320999714426565,-0.34718925847906734,-0.7722235681378026,0.6760702144105676,0.723287221632978,0.14065795466057596,0.5097045081001083,-0.5969214469418928,0.619585426396735,,0.013854327504596808,0.2856602688640425,-0.07748292997871735,0.13426859295555216,0.7722235681276702,0.6210013733862942,-0.9170325530438673,-0.14065795465873038,0.37318445361888686,0.37553061336905785,-0.6195854263886054,0.6892682045497727,,0.030391278827471595,0.7540910713450895,1.2033428329483908,0.992106297613451,-0.10820197047696511,-0.06338318247479297,-0.04398874283783835,-0.7736207938306751,0.6321201292921647,-0.11743119150923001,-0.624342214604858,-0.7722737301779884,,0.13038898187117376,0.6078368031503771,-0.4467577075583673,0.9947004240876782,-0.0948709536253383,-0.039630398408449036,-0.05187981086493344,-0.7959148226484885,0.6031816312795377,-0.08876683808952657,-0.5979290068617213,-0.7966186987567789,,0.0,0.0,0.045,1.0,0.0,0.0,0.0,1.0,0.0,0.0,0.0,1.0,,-0.004532675332162834,-0.1840998204509654,0.22948081799119216,True,,0.1345810261315493,0.4668226315692461,-0.40417731906858845,0.4516784498489802,-0.4798449328827865,-0.7521538528311457,0.7155190251750159,0.6984127039511451,-0.015881422236229403,0.5329344261300987,-0.5310070953823163,0.6587961460869501
15:53:27.984741,,0.0433554223558964,-0.6624946396153496,0.10337523863,-3.5972105373172227,-0.5844543780463617,1.3609739325221903,,0.13634499296402042,0.457270480875824,-0.40356374895861624,0.532100000604349,-0.34718943354897697,-0.7722234693330632,0.6760702013333091,0.7232872626157052,0.14065780677594436,0.5097044950027326,-0.5969212954567968,0.6195855831151891,,0.013854308922436172,0.2856598029444455,-0.07748291060342,0.1342674049180166,0.7722234693192462,0.6210017531161599,-0.9170333925960865,-0.14065780677342765,0.3731824462935209,0.3755289879683177,-0.6195855831041033,0.6892689492275529,,0.030391278827471595,0.7540910713450895,1.2033428329483908,0.992106297613451,-0.10820197047696511,-0.06338318247479297,-0.04398874283783835,-0.7736207938306751,0.6321201292921647,-0.11743119150923001,-0.624342214604858,-0.7722737301779884,,0.13038898187117376,0.6078368031503771,-0.4467577075583673,0.9947004240876782,-0.0948709536253383,-0.039630398408449036,-0.05187981086493344,-0.7959148226484885,0.6031816312795377,-0.08876683808952657,-0.5979290068617213,-0.7966186987567789,,0.0,0.0,0.045,1.0,0.0,0.0,0.0,1.0,0.0,0.0,0.0,1.0,,-0.004532675332162834,-0.1840998204509654,0.22948081799119216,True,,0.13460836392681705,0.46658329840650853,-0.404128003939766,0.4544174529059841,-0.4760950510337612,-0.7528866321536053,0.7151678492782987,0.6988770029614486,-0.010289902345320345,0.531074124631478,-0.5337644022532636,0.6580697812801661
