System Time,q_des,q0,q1,q2,q3,q4,q5,T_des,Tx,Ty,Tz,R00,R01,R02,R10,R11,R12,R20,R21,R22,T_target,Tx,Ty,Tz,R00,R01,R02,R10,R11,R12,R20,R21,R22,worldFrame,Tx,Ty,Tz,R00,R01,R02,R10,R11,R12,R20,R21,R22,ECM_T_PSM_RCM,Tx,Ty,Tz,R00,R01,R02,R10,R11,R12,R20,R21,R22,psm3_T_cam,Tx,Ty,Tz,R00,R01,R02,R10,R11,R12,R20,R21,R22,offset,x,y,z,IK Trigered,ECM_T_PSM3,Tx,Ty,Tz,R00,R01,R02,R10,R11,R12,R20,R21,R22,solverSuccess,q_solverOutput,q0,q1,q2,q3,q4,q5
16:27:33.588860,,-0.5450473180641432,-0.8495932889591867,0.17873246520000002,-3.3663566785164387,-0.7882152686252976,0.7420159140010428,,0.11953254784573675,0.4748366275273414,-0.4386325590408111,0.27746039696107644,-0.6603953270298699,-0.6977777154332983,0.7475997503274324,0.6045783097641148,-0.274917588875515,0.603415562799438,-0.44537970250099757,0.6614579194261418,,0.002323499209812126,0.2430732469457684,-0.11806845702401988,0.9279257271163371,-0.3649907535192561,-0.07573370980655292,0.3724620069207795,0.916025815878767,0.14889176620681607,0.015029915374434707,-0.16636842996520004,0.9859491098199503,,0.05370437762837789,0.6983360494392399,1.1604850546924563,0.9922960697440881,-0.07638153270694843,-0.0975416394765502,0.004867504973505216,-0.7626859202048828,0.6467507205381096,-0.1237934463764897,-0.6422429825093992,-0.7564384535781234,,0.0,0.0,0.0,1.0,0.0,0.0,0.0,1.0,0.0,0.0,0.0,1.0,,0.0,0.0,0.045,1.0,0.0,0.0,0.0,1.0,0.0,0.0,0.0,1.0,,-0.0031823361860085927,-0.18649200154343593,0.22944396511176599,True,,0.11953254784573675,0.4748366275273414,-0.4386325590408111,0.11798186912747594,-0.5272567848893207,-0.8414752291929717,0.6441901777484004,0.68552750949938,-0.3392212384448563,0.7557111177226863,-0.5020481217052348,0.4205334588859419,False,,0.0,0.0,0.0,0.0,0.0,0.0
16:27:35.384912,,-0.5564229035878759,-0.8518483269584604,0.18036838318,-3.5722590303260393,-0.9938541397625646,0.7300992420247395,,0.11970886330980149,0.47478270779332565,-0.43825310256531913,0.1644401014496071,-0.6201368618993606,-0.7670656592162474,0.7600894650472716,0.5752963679847038,-0.3021557447869568,0.6286680031299472,-0.5333520052434614,0.565961288732174,,0.002315913776805675,0.24307150406919553,-0.11806201368270955,0.9279279034119624,-0.36498760765054744,-0.0757222040405092,0.37245717222705127,0.9160257819112297,0.14890406839402143,0.01501535147277979,-0.16637551799827044,0.9859481355957315,,0.05370437762837789,0.6983360494392399,1.1604850546924563,0.9922960697440881,-0.07638153270694843,-0.0975416394765502,0.004867504973505216,-0.7626859202048828,0.6467507205381096,-0.1237934463764897,-0.6422429825093992,-0.7564384535781234,,0.18007101773957546,0.6877910364996829,-0.4288753624282575,0.9930733029488626,0.005199667939279035,-0.11738133762893511,0.08420736826944675,-0.7282149573168625,0.6801559343776502,-0.08194226076555734,-0.6853290737983628,-0.7236086832724632,,0.0,0.0,0.045,1.0,0.0,0.0,0.0,1.0,0.0,0.0,0.0,1.0,,-0.0031823361860085927,-0.18649200154343593,0.22944396511176599,False,,0.11970886330980149,0.47478270779332565,-0.43825310256531913,0.2772514126004073,-0.6602128096071764,-0.6980334520935778,0.742832383758534,0.6080739335126634,-0.28008238256279444,0.6093699236512196,-0.44086861695184826,0.6590168121802901,False,,0.0,0.0,0.0,0.0,0.0,0.0
16:27:35.403144,,-0.5564306263207501,-0.8518483269584604,0.18036838318,-3.5722590303260393,-0.9938541397625646,0.7300992420247395,,0.1197072492286787,0.4747832671249955,-0.4382554213463189,0.16446080248480854,-0.6201571463543344,-0.7670448215532788,0.7600881347759976,0.5752964241559493,-0.30215898418899084,0.6286641963869086,-0.5333283586863036,0.5659878002237997,,0.0023130118258409636,0.24307056526425028,-0.11805974372858032,0.9279291022753282,-0.3649850310766164,-0.0757199321329545,0.37245429510321804,0.9160264728643066,0.1489070144508218,0.015012631061303496,-0.1663773661995335,0.9859478651565903,,0.05370437762837789,0.6983360494392399,1.1604850546924563,0.9922960697440881,-0.07638153270694843,-0.0975416394765502,0.004867504973505216,-0.7626859202048828,0.6467507205381096,-0.1237934463764897,-0.6422429825093992,-0.7564384535781234,,0.18007101773957546,0.6877910364996829,-0.4288753624282575,0.9930733029488626,0.005199667939279035,-0.11738133762893511,0.08420736826944675,-0.7282149573168625,0.6801559343776502,-0.08194226076555734,-0.6853290737983628,-0.7236086832724632,,0.0,0.0,0.045,1.0,0.0,0.0,0.0,1.0,0.0,0.0,0.0,1.0,,-0.0031823361860085927,-0.18649200154343593,0.22944396511176599,False,,0.1197072492286787,0.4747832671249955,-0.4382554213463189,0.27724927413105127,-0.6602019024229812,-0.6980446175072779,0.7428258095175942,0.6080824454844656,-0.280081338557504,0.609378910619933,-0.4408732102665219,0.6590054292348093,False,,0.0,0.0,0.0,0.0,0.0,0.0
16:27:35.415604,,-0.5564074581221274,-0.8518560496913345,0.18036838318,-3.571839677267364,-0.9935858568256601,0.7299632762323164,,0.1197072492286787,0.4747832671249955,-0.4382554213463189,0.16446418032440194,-0.6201564518461657,-0.7670446588196784,0.760087917679783,0.5752980107418585,-0.30215650950074163,0.6286635752033308,-0.5333274548249272,0.5659893418983535,,0.0023118409556750616,0.24307036424595793,-0.11805870038258677,0.927929346624167,-0.3649848887779938,-0.07571762365789185,0.372453805685028,0.9160262916392755,0.14890935347174275,0.01500967019697769,-0.1663786761708018,0.9859476891860265,,0.05370437762837789,0.6983360494392399,1.1604850546924563,0.9922960697440881,-0.07638153270694843,-0.0975416394765502,0.004867504973505216,-0.7626859202048828,0.6467507205381096,-0.1237934463764897,-0.6422429825093992,-0.7564384535781234,,0.18007101773957546,0.6877910364996829,-0.4288753624282575,0.9930733029488626,0.005199667939279035,-0.11738133762893511,0.08420736826944675,-0.7282149573168625,0.6801559343776502,-0.08194226076555734,-0.6853290737983628,-0.7236086832724632,,0.0,0.0,0.045,1.0,0.0,0.0,0.0,1.0,0.0,0.0,0.0,1.0,,-0.0031823361860085927,-0.18649200154343593,0.22944396511176599,False,,0.1197072492286787,0.4747832671249955,-0.4382554213463189,0.27724927413105127,-0.6602019024229812,-0.6980446175072779,0.7428258095175942,0.6080824454844656,-0.280081338557504,0.609378910619933,-0.4408732102665219,0.6590054292348093,False,,0.0,0.0,0.0,0.0,0.0,0.0
16:27:35.429693,,-0.5563688444577564,-0.8518560496913345,0.18036708689000003,-3.569113882385974,-0.9927810080149468,0.7296931421431472,,0.11968656393951649,0.4747808548682612,-0.4382580710492711,0.16540767220250432,-0.6208924987901769,-0.7662459180463144,0.7600269214079288,0.5753748525980332,-0.3021636274156397,0.6284897618193432,-0.5323873438990466,0.5670664293928741,,0.002311362516566496,0.24307045834289834,-0.11805814768193146,0.9279292091605307,-0.36498572018978315,-0.0757153005589036,0.3724542713447704,0.9160257615403513,0.14891144968041584,0.015006613149406881,-0.16637977084499236,0.9859475509933677,,0.05370437762837789,0.6983360494392399,1.1604850546924563,0.9922960697440881,-0.07638153270694843,-0.0975416394765502,0.004867504973505216,-0.7626859202048828,0.6467507205381096,-0.1237934463764897,-0.6422429825093992,-0.7564384535781234,,0.18007101773957546,0.6877910364996829,-0.4288753624282575,0.9930733029488626,0.005199667939279035,-0.11738133762893511,0.08420736826944675,-0.7282149573168625,0.6801559343776502,-0.08194226076555734,-0.6853290737983628,-0.7236086832724632,,0.0,0.0,0.045,1.0,0.0,0.0,0.0,1.0,0.0,0.0,0.0,1.0,,-0.0031823361860085927,-0.18649200154343593,0.22944396511176599,False,,0.11968656393951649,0.4747808548682612,-0.4382580710492711,0.2755108060294593,-0.658845731433176,-0.7000114984293336,0.7426323572849857,0.608261420819104,-0.2802056849110497,0.6104023080512909,-0.4426514951012911,0.6568627529478654,False,,0.0,0.0,0.0,0.0,0.0,0.0
16:27:35.441506,,-0.5562838943961399,-0.8518637724242087,0.18036708689000003,-3.5653397048578963,-0.9915737347988768,0.7285302429248413,,0.11966298682418271,0.4747766839010443,-0.4382601719159975,0.1665448470780557,-0.6215379722123556,-0.7654759062242914,0.7599524568172834,0.5755629624192463,-0.3019926152550032,0.6282794579557112,-0.5314299816432402,0.5681963545479181,,0.002308776508769348,0.24307019060786994,-0.11805571696365164,0.9279295114988882,-0.36498629549404754,-0.07570882220688437,0.3724538560128973,0.9160249052404131,0.14891775612533023,0.01499822654668682,-0.16638322346261722,0.9859470960044613,,0.05370437762837789,0.6983360494392399,1.1604850546924563,0.9922960697440881,-0.07638153270694843,-0.0975416394765502,0.004867504973505216,-0.7626859202048828,0.6467507205381096,-0.1237934463764897,-0.6422429825093992,-0.7564384535781234,,0.18007101773957546,0.6877910364996829,-0.4288753624282575,0.9930733029488626,0.005199667939279035,-0.11738133762893511,0.08420736826944675,-0.7282149573168625,0.6801559343776502,-0.08194226076555734,-0.6853290737983628,-0.7236086832724632,,0.0,0.0,0.045,1.0,0.0,0.0,0.0,1.0,0.0,0.0,0.0,1.0,,-0.0031823361860085927,-0.18649200154343593,0.22944396511176599,False,,0.11966298682418271,0.4747766839010443,-0.4382601719159975,0.27342349282533623,-0.6577110331932485,-0.7018944296595202,0.742453864302554,0.6082387509410307,-0.28072741447158334,0.611556909006348,-0.44436676143650167,0.6546268619427689,False,,0.0,0.0,0.0,0.0,0.0,0.0
16:27:35.454873,,-0.5559363714167997,-0.8518714951570829,0.18036579060000002,-3.5529687896269726,-0.9891591883667367,0.7251023381834255,,0.11963312916733748,0.4747740508987482,-0.43825650704590746,0.16789453436686283,-0.6225040944846553,-0.7643952365625873,0.7598627325429288,0.5757076067593375,-0.3019426753737031,0.628028703979466,-0.5301409283098933,0.5696758228225917,,0.0023092246733149207,0.24307062002448593,-0.11805586357972875,0.927928943340691,-0.36498812907964595,-0.075706946187339,0.3724553746246019,0.916024062511595,0.14891914172612444,0.014995665484412266,-0.16638384083238908,0.9859470307709164,,0.05370437762837789,0.6983360494392399,1.1604850546924563,0.9922960697440881,-0.07638153270694843,-0.0975416394765502,0.004867504973505216,-0.7626859202048828,0.6467507205381096,-0.1237934463764897,-0.6422429825093992,-0.7564384535781234,,0.18007101773957546,0.6877910364996829,-0.4288753624282575,0.9930733029488626,0.005199667939279035,-0.11738133762893511,0.08420736826944675,-0.7282149573168625,0.6801559343776502,-0.08194226076555734,-0.6853290737983628,-0.7236086832724632,,0.0,0.0,0.045,1.0,0.0,0.0,0.0,1.0,0.0,0.0,0.0,1.0,,-0.0031823361860085927,-0.18649200154343593,0.22944396511176599,False,,0.11963312916733748,0.4747740508987482,-0.43825650704590746,0.2704457042446238,-0.6560606812748647,-0.7045874704682092,0.7425381243134058,0.6079704817604361,-0.28108544474787733,0.6127774922406651,-0.4471647076784384,0.6515730728092577,False,,0.0,0.0,0.0,0.0,0.0,0.0
16:27:35.468730,,-0.555704689430573,-0.8518869406228314,0.18036579060000002,-3.5454204345708162,-0.9880860566191187,0.7226297889803267,,0.11956471501608981,0.4747736628103092,-0.4382448510474166,0.17107832562564554,-0.6249084020748032,-0.7617228469183801,0.7596452961257991,0.5760001076522177,-0.3019319460715955,0.627432251781077,-0.5269851658262783,0.5732498621229467,,0.002308526682583362,0.243068735907565,-0.11805596994146622,0.9279046227002374,-0.3650434967070748,-0.07573798605949175,0.37251439350747895,0.9160086910509708,0.14886601491874601,0.015034082952779158,-0.1663469545254888,0.9859526626156094,,0.05370437762837789,0.6983360494392399,1.1604850546924563,0.9922960697440881,-0.07638153270694843,-0.0975416394765502,0.004867504973505216,-0.7626859202048828,0.6467507205381096,-0.1237934463764897,-0.6422429825093992,-0.7564384535781234,,0.18007101773957546,0.6877910364996829,-0.4288753624282575,0.9930733029488626,0.005199667939279035,-0.11738133762893511,0.08420736826944675,-0.7282149573168625,0.6801559343776502,-0.08194226076555734,-0.6853290737983628,-0.7236086832724632,,0.0,0.0,0.045,1.0,0.0,0.0,0.0,1.0,0.0,0.0,0.0,1.0,,-0.0031823361860085927,-0.18649200154343593,0.22944396511176599,False,,0.11956471501608981,0.4747736628103092,-0.4382448510474166,0.26256811897740484,-0.6521187184306058,-0.7111955848914503,0.7433391326887927,0.6066494173351463,-0.28182160715672766,0.6152275324708257,-0.45466213996697813,0.6440321589567616,False,,0.0,0.0,0.0,0.0,0.0,0.0
16:27:35.482356,,-0.5554112255813525,-0.8519023860885799,0.18036449431,-3.535984990750621,-0.9868787834030487,0.7198137303048154,,0.11952274427680555,0.4747756261501597,-0.4382359291720692,0.17303303396609895,-0.6264747045595965,-0.7599927721389547,0.7595077694128708,0.5761443250136552,-0.3020027565371632,0.6270626103970578,-0.5249639619074111,0.5755044060131094,,0.00230782879850285,0.24306685172630313,-0.11805607629607015,0.9278803007353513,-0.36509886539031805,-0.07576902266827083,0.37257341017243034,0.9159933175218267,0.1488128861556436,0.01507250270819449,-0.16631007048338636,0.9859582947143612,,0.05370437762837789,0.6983360494392399,1.1604850546924563,0.9922960697440881,-0.07638153270694843,-0.0975416394765502,0.004867504973505216,-0.7626859202048828,0.6467507205381096,-0.1237934463764897,-0.6422429825093992,-0.7564384535781234,,0.18007101773957546,0.6877910364996829,-0.4288753624282575,0.9930733029488626,0.005199667939279035,-0.11738133762893511,0.08420736826944675,-0.7282149573168625,0.6801559343776502,-0.08194226076555734,-0.6853290737983628,-0.7236086832724632,,0.0,0.0,0.045,1.0,0.0,0.0,0.0,1.0,0.0,0.0,0.0,1.0,,-0.0031823361860085927,-0.18649200154343593,0.22944396511176599,False,,0.11952274427680555,0.4747756261501597,-0.4382359291720692,0.2574280419089754,-0.6495379309277081,-0.7154238460696308,0.7440442521467419,0.6056379433114274,-0.2821361948933527,0.6165459870004072,-0.4596772323137794,0.6391931539104885,False,,0.0,0.0,0.0,0.0,0.0,0.0
16:27:35.498356,,-0.5547007341569239,-0.8519255542872025,0.18036060544000002,-3.515436690875528,-0.9848666613762653,0.7154187863031808,,0.11948659419320064,0.47477957650007097,-0.4382236946860541,0.17487215729262603,-0.6281799711794138,-0.7581620225340057,0.7593755717174901,0.5761878519477811,-0.30225204771272796,0.6267124298133541,-0.5228742516866107,0.5777837374317565,,0.002306906931403162,0.24306475277715217,-0.11805610934348215,0.9278562615189059,-0.3651533185060752,-0.07580099426155211,0.37263166531485875,0.9159783632994034,0.14875906277904832,0.01511220538882942,-0.16627288034501153,0.9859639594310428,,0.05370437762837789,0.6983360494392399,1.1604850546924563,0.9922960697440881,-0.07638153270694843,-0.0975416394765502,0.004867504973505216,-0.7626859202048828,0.6467507205381096,-0.1237934463764897,-0.6422429825093992,-0.7564384535781234,,0.18007101773957546,0.6877910364996829,-0.4288753624282575,0.9930733029488626,0.005199667939279035,-0.11738133762893511,0.08420736826944675,-0.7282149573168625,0.6801559343776502,-0.08194226076555734,-0.6853290737983628,-0.7236086832724632,,0.0,0.0,0.045,1.0,0.0,0.0,0.0,1.0,0.0,0.0,0.0,1.0,,-0.0031823361860085927,-0.18649200154343593,0.22944396511176599,False,,0.11948659419320064,0.47477957650007097,-0.4382236946860541,0.2521846057230677,-0.6466095000809555,-0.7199299125896617,0.7449592720328617,0.6045587974576974,-0.2820360676026594,0.6176071628863851,-0.4651933090894149,0.6341581644431227,False,,0.0,0.0,0.0,0.0,0.0,0.0
16:27:35.510469,,-0.5543145975132127,-0.851940999752951,0.18035801286000003,-3.502436746056592,-0.9836593881601953,0.713084899136021,,0.11938381736542909,0.47479113625634856,-0.43819744595173055,0.17951840136361952,-0.6329589595165437,-0.7530843904500908,0.7590294714347091,0.5761062344532291,-0.3032752349231092,0.6258173895517737,-0.5171697614824898,0.5838561747063639,,0.002305597894691445,0.24306266238730467,-0.11805591119857961,0.9278323289823467,-0.3652070731238651,-0.07583501098831512,0.372689573004693,0.9159634992926775,0.14870553450761748,0.015153789126075692,-0.1662367214544263,0.9859694219250967,,0.05370437762837789,0.6983360494392399,1.1604850546924563,0.9922960697440881,-0.07638153270694843,-0.0975416394765502,0.004867504973505216,-0.7626859202048828,0.6467507205381096,-0.1237934463764897,-0.6422429825093992,-0.7564384535781234,,0.18007101773957546,0.6877910364996829,-0.4288753624282575,0.9930733029488626,0.005199667939279035,-0.11738133762893511,0.08420736826944675,-0.7282149573168625,0.6801559343776502,-0.08194226076555734,-0.6853290737983628,-0.7236086832724632,,0.0,0.0,0.045,1.0,0.0,0.0,0.0,1.0,0.0,0.0,0.0,1.0,,-0.0031823361860085927,-0.18649200154343593,0.22944396511176599,False,,0.11938381736542909,0.47479113625634856,-0.43819744595173055,0.23913644736663936,-0.6379494424213933,-0.7320070139384571,0.7472735089715438,0.6022862899754884,-0.2807730893389152,0.6199968244517218,-0.4798663707969082,0.6207513220670462,False,,0.0,0.0,0.0,0.0,0.0,0.0
16:27:35.522726,,-0.5538512335407592,-0.8519641679515737,0.18035153141000002,-3.4862916532975907,-0.9821838320072207,0.7097884664478353,,0.1193097581763695,0.4748051611623762,-0.4381855323062613,0.18270345265143909,-0.636098986294948,-0.7496649438407688,0.7587821615719986,0.5761012793714416,-0.3039028581417317,0.6251952332426797,-0.5133082850891145,0.5879162566127115,,0.0023044521443580535,0.24306034860647077,-0.1180558709439341,0.9278085712023543,-0.3652606120724899,-0.07586791457746708,0.3727470642993756,0.9159489625001851,0.1486510145995965,0.01519477706651088,-0.16619922789749153,0.9859751190504933,,0.05370437762837789,0.6983360494392399,1.1604850546924563,0.9922960697440881,-0.07638153270694843,-0.0975416394765502,0.004867504973505216,-0.7626859202048828,0.6467507205381096,-0.1237934463764897,-0.6422429825093992,-0.7564384535781234,,0.18007101773957546,0.6877910364996829,-0.4288753624282575,0.9930733029488626,0.005199667939279035,-0.11738133762893511,0.08420736826944675,-0.7282149573168625,0.6801559343776502,-0.08194226076555734,-0.6853290737983628,-0.7236086832724632,,0.0,0.0,0.045,1.0,0.0,0.0,0.0,1.0,0.0,0.0,0.0,1.0,,-0.0031823361860085927,-0.18649200154343593,0.22944396511176599,False,,0.1193097581763695,0.4748051611623762,-0.4381855323062613,0.23027886551461993,-0.63220992817593,-0.7397852734497256,0.7488846418072502,0.6005796400598624,-0.28013548366958557,0.6214044072603012,-0.4895045481518548,0.6117531037731826,False,,0.0,0.0,0.0,0.0,0.0,0.0
16:27:35.534891,,-0.5528704464657327,-0.8519796134173221,0.18034116109,-3.458404674895679,-0.9800375685119851,0.703052445296332,,0.11923572688132958,0.4748147407989862,-0.4381701476626825,0.18579976924189598,-0.6389779344072546,-0.7464486888529555,0.7585338857654202,0.5761643934388163,-0.30440258848914736,0.6245836932671799,-0.5096486937822161,0.5917376268506257,,0.0023042889562549748,0.24306057193491232,-0.11805571305407823,0.927808395025364,-0.3652608289900986,-0.07586902473339212,0.37274747843773814,0.9159486333363386,0.1486520043446224,0.015195375179245501,-0.16620056523018106,0.9859748844054815,,0.05370437762837789,0.6983360494392399,1.1604850546924563,0.9922960697440881,-0.07638153270694843,-0.0975416394765502,0.004867504973505216,-0.7626859202048828,0.6467507205381096,-0.1237934463764897,-0.6422429825093992,-0.7564384535781234,,0.18007101773957546,0.6877910364996829,-0.4288753624282575,0.9930733029488626,0.005199667939279035,-0.11738133762893511,0.08420736826944675,-0.7282149573168625,0.6801559343776502,-0.08194226076555734,-0.6853290737983628,-0.7236086832724632,,0.0,0.0,0.045,1.0,0.0,0.0,0.0,1.0,0.0,0.0,0.0,1.0,,-0.0031823361860085927,-0.18649200154343593,0.22944396511176599,False,,0.11923572688132958,0.4748147407989862,-0.4381701476626825,0.22165974083072323,-0.6268214466233718,-0.7469684286151859,0.7506193401265638,0.5986520951409147,-0.27961808813335937,0.6224448293004117,-0.4987088760352844,0.603201368898318,False,,0.0,0.0,0.0,0.0,0.0,0.0
16:27:35.547061,,-0.5524225279590276,-0.8519873361501964,0.18033986480000003,-3.446453112723432,-0.9790985782328194,0.7002345891251434,,0.11920657295071206,0.47482471232946666,-0.43815430674064676,0.18811928041325093,-0.6408821877586277,-0.7442319247052733,0.758342815007022,0.5763135787541135,-0.3045961816419432,0.624121231223571,-0.5070825182919848,0.5944240980803459,,0.002303840772943401,0.2430601425269709,-0.1180555664679159,0.9278089632132507,-0.36525899591842864,-0.07587090124396965,0.3727459597140444,0.9159494762125642,0.14865061895782217,0.015197936431201532,-0.16619994855699866,0.985974948871239,,0.05370437762837789,0.6983360494392399,1.1604850546924563,0.9922960697440881,-0.07638153270694843,-0.0975416394765502,0.004867504973505216,-0.7626859202048828,0.6467507205381096,-0.1237934463764897,-0.6422429825093992,-0.7564384535781234,,0.18007101773957546,0.6877910364996829,-0.4288753624282575,0.9930733029488626,0.005199667939279035,-0.11738133762893511,0.08420736826944675,-0.7282149573168625,0.6801559343776502,-0.08194226076555734,-0.6853290737983628,-0.7236086832724632,,0.0,0.0,0.045,1.0,0.0,0.0,0.0,1.0,0.0,0.0,0.0,1.0,,-0.0031823361860085927,-0.18649200154343593,0.22944396511176599,False,,0.11920657295071206,0.47482471232946666,-0.43815430674064676,0.2149560117279821,-0.6230196882739226,-0.7520906734198103,0.7519852065788329,0.5969531354506556,-0.27958040554055474,0.6231469827485241,-0.5054635714853202,0.5968202541743328,False,,0.0,0.0,0.0,0.0,0.0,0.0
16:27:35.559518,,-0.5519668867194484,-0.8520182270816933,0.18033208706,-3.433662844433833,-0.9780254464852016,0.6978309215660946,,0.11916228781600102,0.4748265743820665,-0.4381522032425499,0.19329028340163268,-0.6450266510476016,-0.7393101418084511,0.7579011475214799,0.576685775042578,-0.30499076617033044,0.6230768146289353,-0.5013722532229488,0.6003341959025845,,0.0023036166818266343,0.2430599278228087,-0.11805549317387071,0.9278092473086414,-0.36525807938432325,-0.07587183950050966,0.3727452003521639,0.9159498976535854,0.14864992626622858,0.015199217056838459,-0.16619964021924177,0.9859749811065173,,0.05370437762837789,0.6983360494392399,1.1604850546924563,0.9922960697440881,-0.07638153270694843,-0.0975416394765502,0.004867504973505216,-0.7626859202048828,0.6467507205381096,-0.1237934463764897,-0.6422429825093992,-0.7564384535781234,,0.18007101773957546,0.6877910364996829,-0.4288753624282575,0.9930733029488626,0.005199667939279035,-0.11738133762893511,0.08420736826944675,-0.7282149573168625,0.6801559343776502,-0.08194226076555734,-0.6853290737983628,-0.7236086832724632,,0.0,0.0,0.045,1.0,0.0,0.0,0.0,1.0,0.0,0.0,0.0,1.0,,-0.0031823361860085927,-0.18649200154343593,0.22944396511176599,False,,0.11916228781600102,0.4748265743820665,-0.4381522032425499,0.20125433713351634,-0.6140520992029102,-0.7631754131583698,0.7546952016380473,0.5938811180463509,-0.2788196016289453,0.6244452293111514,-0.5198511682130914,0.5829433235727363,False,,0.0,0.0,0.0,0.0,0.0,0.0
16:27:35.572822,,-0.5514494636168753,-0.8520259498145675,0.18032819819,-3.424856430201651,-0.9769523147375838,0.695702780583247,,0.11915856289967484,0.4748214906261842,-0.4381393476191129,0.19521483534822137,-0.6462408910343459,-0.737742420371163,0.7577312201084558,0.5769593716359305,-0.30489552563857575,0.6226833594475749,-0.4994903344776627,0.6023079275839519,,0.0023133736750421976,0.24305926679904308,-0.11805906528214193,0.9278081222199075,-0.3652598061670333,-0.07587728384543167,0.3727477130610573,0.9159499063141401,0.1486435716505742,0.015206268861578238,-0.1661957971313023,0.985975520114658,,0.05370437762837789,0.6983360494392399,1.1604850546924563,0.9922960697440881,-0.07638153270694843,-0.0975416394765502,0.004867504973505216,-0.7626859202048828,0.6467507205381096,-0.1237934463764897,-0.6422429825093992,-0.7564384535781234,,0.1800371564368982,0.6877919050602289,-0.42886718665150303,0.9930742380856995,0.005163046184590986,-0.11737504251161392,0.08417548753379248,-0.7282240374402121,0.6801501588566489,-0.08196368066989025,-0.6853197022181489,-0.7236151330663779,,0.0,0.0,0.045,1.0,0.0,0.0,0.0,1.0,0.0,0.0,0.0,1.0,,-0.0031823361860085927,-0.18649200154343593,0.22944396511176599,False,,0.11915856289967484,0.4748214906261842,-0.4381393476191129,0.19628071146613316,-0.6111156786320276,-0.7668190853366033,0.7554844272224689,0.5927763577095277,-0.2790330983323738,0.6250737256761691,-0.5245510624055033,0.578038943669517,False,,0.0,0.0,0.0,0.0,0.0,0.0
16:27:35.588522,,-0.5508316449869374,-0.8520568407460644,0.18031782787000003,-3.4114371323240396,-0.9749401927108003,0.6914455998697127,,0.11914790156348662,0.47482285219102216,-0.43813587445333524,0.1968481650294156,-0.6471349552948501,-0.7365236924635109,0.7575846413605405,0.5772482096518234,-0.3047130053482881,0.6223474199345357,-0.4979968414451009,0.6038897538553952,,0.0023227433909112694,0.24305861439336404,-0.11806240621945781,0.9278071050026033,-0.3652608333680101,-0.0758847765764669,0.37274988050402946,0.915950007262273,0.1486375140485698,0.015215199406686714,-0.16619298302158805,0.9859758566534305,,0.05370437762837789,0.6983360494392399,1.1604850546924563,0.9922960697440881,-0.07638153270694843,-0.0975416394765502,0.004867504973505216,-0.7626859202048828,0.6467507205381096,-0.1237934463764897,-0.6422429825093992,-0.7564384535781234,,0.1800371564368982,0.6877919050602289,-0.42886718665150303,0.9930742380856995,0.005163046184590986,-0.11737504251161392,0.08417548753379248,-0.7282240374402121,0.6801501588566489,-0.08196368066989025,-0.6853197022181489,-0.7236151330663779,,0.0,0.0,0.045,1.0,0.0,0.0,0.0,1.0,0.0,0.0,0.0,1.0,,-0.0031823361860085927,-0.18649200154343593,0.22944396511176599,False,,0.11914790156348662,0.47482285219102216,-0.43813587445333524,0.1923175185675648,-0.6090605418903573,-0.7694538507046664,0.7559563773366668,0.5919139766823229,-0.2795850492643376,0.6257347102535049,-0.5279044426033402,0.5742586280271453,False,,0.0,0.0,0.0,0.0,0.0,0.0
16:27:35.600104,,-0.5503760037473582,-0.8520491180131902,0.18031912416,-3.405356512973247,-0.9738670609631825,0.6891796955987646,,0.11913991110140182,0.47480787415429737,-0.4381225128604385,0.1999235984272435,-0.64836035754217,-0.7346151383953993,0.7573027441028567,0.5779825960861084,-0.30402084204186675,0.621709826660465,-0.4955451194284451,0.6065574383720495,,0.002332500386417933,0.24305795336292757,-0.11806597834144879,0.9278059798684588,-0.36526256021730563,-0.0758902208823781,0.37275239313749853,0.9159500159254186,0.14863115937864793,0.015222251224595324,-0.166189139932405,0.9859763955784797,,0.05370437762837789,0.6983360494392399,1.1604850546924563,0.9922960697440881,-0.07638153270694843,-0.0975416394765502,0.004867504973505216,-0.7626859202048828,0.6467507205381096,-0.1237934463764897,-0.6422429825093992,-0.7564384535781234,,0.1800371564368982,0.6877919050602289,-0.42886718665150303,0.9930742380856995,0.005163046184590986,-0.11737504251161392,0.08417548753379248,-0.7282240374402121,0.6801501588566489,-0.08196368066989025,-0.6853197022181489,-0.7236151330663779,,0.0,0.0,0.045,1.0,0.0,0.0,0.0,1.0,0.0,0.0,0.0,1.0,,-0.0031823361860085927,-0.18649200154343593,0.22944396511176599,False,,0.11913991110140182,0.47480787415429737,-0.4381225128604385,0.18507366300127567,-0.60578281878988,-0.7738054766685731,0.7568100966882277,0.5901512782968437,-0.28099812503886346,0.6268861274697708,-0.53361844531799,0.5676840124597182,False,,0.0,0.0,0.0,0.0,0.0,0.0
16:27:35.614482,,-0.5498740261105335,-0.852041395280316,0.18031134642000002,-3.3992758936224536,-0.9718549389363991,0.6854735680376323,,0.11914603098457026,0.4747978049753112,-0.43811771629757257,0.2012172921563687,-0.6484934556269828,-0.7341442905493669,0.7571818568102137,0.5784501083234355,-0.3034322130197173,0.621439648763012,-0.4948249288279446,0.6074216433053105,,0.0023423791802856734,0.2430581683953501,-0.11806938125709113,0.9278039341670498,-0.36526655392363117,-0.07589600898325892,0.37275725277658645,0.9159485234255617,0.14862816956308364,0.015227938050961343,-0.16618858826639013,0.9859764007740893,,0.05370437762837789,0.6983360494392399,1.1604850546924563,0.9922960697440881,-0.07638153270694843,-0.0975416394765502,0.004867504973505216,-0.7626859202048828,0.6467507205381096,-0.1237934463764897,-0.6422429825093992,-0.7564384535781234,,0.1800371564368982,0.6877919050602289,-0.42886718665150303,0.9930742380856995,0.005163046184590986,-0.11737504251161392,0.08417548753379248,-0.7282240374402121,0.6801501588566489,-0.08196368066989025,-0.6853197022181489,-0.7236151330663779,,0.0,0.0,0.045,1.0,0.0,0.0,0.0,1.0,0.0,0.0,0.0,1.0,,-0.0031823361860085927,-0.18649200154343593,0.22944396511176599,False,,0.11914603098457026,0.4747978049753112,-0.43811771629757257,0.18241878401023745,-0.6051325827602001,-0.7749438331403096,0.7568228640919119,0.5895544702597709,-0.28221388871640685,0.6276484203978705,-0.5350140968971664,0.5655239840124976,False,,0.0,0.0,0.0,0.0,0.0,0.0
16:27:35.626151,,-0.5496268986585584,-0.8520491180131902,0.18031005013,-3.3978081579170905,-0.9714525145310424,0.6840986314001436,,0.11915585481528806,0.4747930202848458,-0.4381138257537909,0.20180744178054166,-0.6482844097642079,-0.7341669295866343,0.757126257104734,0.578774773590404,-0.3029514684862129,0.6213160123838508,-0.4947191986491422,0.607634205129518,,0.002351972988726528,0.24305773069196107,-0.11807279549090055,0.9278026327955101,-0.3652684977287632,-0.07590256341366275,0.3727601795044588,0.9159482029666922,0.1486228045959413,0.015235587996405672,-0.16618608256148354,0.9859767050033911,,0.05370437762837789,0.6983360494392399,1.1604850546924563,0.9922960697440881,-0.07638153270694843,-0.0975416394765502,0.004867504973505216,-0.7626859202048828,0.6467507205381096,-0.1237934463764897,-0.6422429825093992,-0.7564384535781234,,0.1800371564368982,0.6877919050602289,-0.42886718665150303,0.9930742380856995,0.005163046184590986,-0.11737504251161392,0.08417548753379248,-0.7282240374402121,0.6801501588566489,-0.08196368066989025,-0.6853197022181489,-0.7236151330663779,,0.0,0.0,0.045,1.0,0.0,0.0,0.0,1.0,0.0,0.0,0.0,1.0,,-0.0031823361860085927,-0.18649200154343593,0.22944396511176599,False,,0.11915585481528806,0.4747930202848458,-0.4381138257537909,0.1813305525828546,-0.6054097780451743,-0.7749827297090495,0.7566345435990064,0.5892754801467459,-0.2832994456940314,0.6281905746926804,-0.5350078589564036,0.5649275995401226,False,,0.0,0.0,0.0,0.0,0.0,0.0
16:27:35.639703,,-0.5494878894668224,-0.8520568407460644,0.18031005013,-3.3971791283290775,-0.9711842315941379,0.6825161510826658,,0.11919196364845853,0.4747776651680151,-0.43810499824797833,0.2024374464423952,-0.6474550114579802,-0.7347251788361613,0.7570665884280435,0.5793705516797569,-0.3019601704401057,0.621183757807467,-0.4951078387424714,0.6074528517111045,,0.0023526705400658252,0.24305961506096324,-0.11807268907099504,0.9278269609731943,-0.36521312457713245,-0.07587153655098558,0.37270117083371396,0.915963584550228,0.148675939438193,0.01519716029981772,-0.16622295673359447,0.9859710750850231,,0.05370437762837789,0.6983360494392399,1.1604850546924563,0.9922960697440881,-0.07638153270694843,-0.0975416394765502,0.004867504973505216,-0.7626859202048828,0.6467507205381096,-0.1237934463764897,-0.6422429825093992,-0.7564384535781234,,0.1800371564368982,0.6877919050602289,-0.42886718665150303,0.9930742380856995,0.005163046184590986,-0.11737504251161392,0.08417548753379248,-0.7282240374402121,0.6801501588566489,-0.08196368066989025,-0.6853197022181489,-0.7236151330663779,,0.0,0.0,0.045,1.0,0.0,0.0,0.0,1.0,0.0,0.0,0.0,1.0,,-0.0031823361860085927,-0.18649200154343593,0.22944396511176599,False,,0.11919196364845853,0.4747776651680151,-0.43810499824797833,0.1800204423089214,-0.6067551511701083,-0.7742356404089388,0.7566056582945501,0.5883972741186416,-0.28519559191267785,0.6286020348261459,-0.5344500297860327,0.5649979181148705,False,,0.0,0.0,0.0,0.0,0.0,0.0
16:27:35.653296,,-0.5493566030079605,-0.852041395280316,0.18030875384000003,-3.3969694517997393,-0.970647665720329,0.6809354682608653,,0.11920673645854647,0.4747697540709239,-0.4380993919826833,0.20268515150402924,-0.6468299620331921,-0.7352072698062282,0.757043039045365,0.5797269310520209,-0.3013345689527896,0.621131682006921,-0.4955075031007551,0.6071801610544505,,0.002353653160022123,0.24306215211656682,-0.11807257133234234,0.9278505436066646,-0.36515980244951257,-0.07583974071591926,0.37264409273358706,0.9159777920191472,0.1487314477388615,0.015156772334066072,-0.1662617877648645,0.9859651459608765,,0.05370437762837789,0.6983360494392399,1.1604850546924563,0.9922960697440881,-0.07638153270694843,-0.0975416394765502,0.004867504973505216,-0.7626859202048828,0.6467507205381096,-0.1237934463764897,-0.6422429825093992,-0.7564384535781234,,0.1800371564368982,0.6877919050602289,-0.42886718665150303,0.9930742380856995,0.005163046184590986,-0.11737504251161392,0.08417548753379248,-0.7282240374402121,0.6801501588566489,-0.08196368066989025,-0.6853197022181489,-0.7236151330663779,,0.0,0.0,0.045,1.0,0.0,0.0,0.0,1.0,0.0,0.0,0.0,1.0,,-0.0031823361860085927,-0.18649200154343593,0.22944396511176599,False,,0.11920673645854647,0.4747697540709239,-0.4380993919826833,0.179788249816958,-0.6079036044510439,-0.7733882549684757,0.7563450058523465,0.5881215762188681,-0.2864528647230608,0.6289820485116956,-0.5334474850266548,0.5655222041341681,False,,0.0,0.0,0.0,0.0,0.0,0.0
16:27:35.667646,,-0.5492484847477214,-0.852041395280316,0.18030875384000003,-3.400743629327818,-0.9697086754411635,0.6785997835980283,,0.11922882251487396,0.47475974603902843,-0.4380970050645473,0.20268137488920276,-0.6460441044391994,-0.7358989573252399,0.7570433984657134,0.5800470233051185,-0.3007170490583371,0.621132476298338,-0.496157702625107,0.6066481525672607,,0.002354187716012095,0.2430642596848607,-0.11807230701785179,0.9278746931931837,-0.3651046482255913,-0.07580981782844237,0.3725854936137848,0.915992840275141,0.148785568576765,0.015118947836630335,-0.16630000394529793,0.9859592816174337,,0.05370437762837789,0.6983360494392399,1.1604850546924563,0.9922960697440881,-0.07638153270694843,-0.0975416394765502,0.004867504973505216,-0.7626859202048828,0.6467507205381096,-0.1237934463764897,-0.6422429825093992,-0.7564384535781234,,0.1800371564368982,0.6877919050602289,-0.42886718665150303,0.9930742380856995,0.005163046184590986,-0.11737504251161392,0.08417548753379248,-0.7282240374402121,0.6801501588566489,-0.08196368066989025,-0.6853197022181489,-0.7236151330663779,,0.0,0.0,0.045,1.0,0.0,0.0,0.0,1.0,0.0,0.0,0.0,1.0,,-0.0031823361860085927,-0.18649200154343593,0.22944396511176599,False,,0.11922882251487396,0.47475974603902843,-0.4380970050645473,0.18026269843524953,-0.6093726079367083,-0.7721207057508925,0.7559552461130492,0.5880550998778735,-0.28761582950488457,0.6293147268473867,-0.5318422926056543,0.5666628189399407,False,,0.0,0.0,0.0,0.0,0.0,0.0
16:27:35.680039,,-0.5492330392819729,-0.8520336725474417,0.18030875384000003,-3.4022113650331813,-0.9690379680989023,0.6770199995240664,,0.11926468534501339,0.47473887586573416,-0.4381004169740748,0.20251297412491615,-0.6438886545309461,-0.73783188862871,0.7570594133085264,0.5808566509397994,-0.2991096718261543,0.6211678839347948,-0.49800898749453104,0.6050929749572715,,0.002355048762605932,0.24306592055516343,-0.11807235847277399,0.9278991933589593,-0.36504906154981137,-0.07577767174673478,0.37252606433631114,0.9160085446546506,0.148837708325978,0.015079929172659937,-0.1663355484892882,0.9859538868298439,,0.05370437762837789,0.6983360494392399,1.1604850546924563,0.9922960697440881,-0.07638153270694843,-0.0975416394765502,0.004867504973505216,-0.7626859202048828,0.6467507205381096,-0.1237934463764897,-0.6422429825093992,-0.7564384535781234,,0.1800371564368982,0.6877919050602289,-0.42886718665150303,0.9930742380856995,0.005163046184590986,-0.11737504251161392,0.08417548753379248,-0.7282240374402121,0.6801501588566489,-0.08196368066989025,-0.6853197022181489,-0.7236151330663779,,0.0,0.0,0.045,1.0,0.0,0.0,0.0,1.0,0.0,0.0,0.0,1.0,,-0.0031823361860085927,-0.18649200154343593,0.22944396511176599,False,,0.11926468534501339,0.47473887586573416,-0.4381004169740748,0.18227964137745858,-0.6137507714208127,-0.7681693321915829,0.754589219455822,0.5881950825765878,-0.2908980142829688,0.6303723044521851,-0.5266275110674322,0.5703457042588849,False,,0.0,0.0,0.0,0.0,0.0,0.0
16:27:35.691677,,-0.5491944256176018,-0.8520336725474417,0.18030745755000002,-3.402421041562519,-0.9683672607566411,0.675302452162004,,0.11927088215574783,0.47473258343030933,-0.4381029869646278,0.20280757417792275,-0.6432078246279529,-0.7383446229190288,0.7570313817654388,0.5812503703141747,-0.2984149695171895,0.6211059288707336,-0.4984292340413143,0.6048104858338783,,0.0023559708041905707,0.24306801939915634,-0.11807232532485662,0.9279232321160887,-0.36499460960945457,-0.07574569450594405,0.37246780632240234,0.9160234963671642,0.14889152876362013,0.01504023050100509,-0.16637274127762744,0.9859482250134429,,0.05370437762837789,0.6983360494392399,1.1604850546924563,0.9922960697440881,-0.07638153270694843,-0.0975416394765502,0.004867504973505216,-0.7626859202048828,0.6467507205381096,-0.1237934463764897,-0.6422429825093992,-0.7564384535781234,,0.1800371564368982,0.6877919050602289,-0.42886718665150303,0.9930742380856995,0.005163046184590986,-0.11737504251161392,0.08417548753379248,-0.7282240374402121,0.6801501588566489,-0.08196368066989025,-0.6853197022181489,-0.7236151330663779,,0.0,0.0,0.045,1.0,0.0,0.0,0.0,1.0,0.0,0.0,0.0,1.0,,-0.0031823361860085927,-0.18649200154343593,0.22944396511176599,False,,0.11927088215574783,0.47473258343030933,-0.4381029869646278,0.18224769998807894,-0.6151388077430276,-0.7670658531427024,0.7541619578093427,0.5880139360964391,-0.29236852147512743,0.6308926352734152,-0.5252083949870369,0.5710784749864999,False,,0.0,0.0,0.0,0.0,0.0,0.0
16:27:35.705128,,-0.5491944256176018,-0.8520259498145675,0.18030745755000002,-3.4064048956199353,-0.9678306948828322,0.6725507813913497,,0.11927747883344036,0.4747259709051317,-0.4381042441533608,0.20290823454336346,-0.6424388396203408,-0.7389861877611554,0.7570217875451011,0.5816010121646549,-0.29775539597305184,0.6210847458572101,-0.4990116231074375,0.6043518333447543,,0.0023559708041905707,0.24306801939915634,-0.11807232532485662,0.9279232321160887,-0.36499460960945457,-0.07574569450594405,0.37246780632240234,0.9160234963671642,0.14889152876362013,0.01504023050100509,-0.16637274127762744,0.9859482250134429,,0.05370437762837789,0.6983360494392399,1.1604850546924563,0.9922960697440881,-0.07638153270694843,-0.0975416394765502,0.004867504973505216,-0.7626859202048828,0.6467507205381096,-0.1237934463764897,-0.6422429825093992,-0.7564384535781234,,0.1800371564368982,0.6877919050602289,-0.42886718665150303,0.9930742380856995,0.005163046184590986,-0.11737504251161392,0.08417548753379248,-0.7282240374402121,0.6801501588566489,-0.08196368066989025,-0.6853197022181489,-0.7236151330663779,,0.0,0.0,0.045,1.0,0.0,0.0,0.0,1.0,0.0,0.0,0.0,1.0,,-0.0031823361860085927,-0.18649200154343593,0.22944396511176599,False,,0.11927747883344036,0.4747259709051317,-0.4381042441533608,0.18259193055030462,-0.6167566659485206,-0.7656836173681516,0.7537158101728394,0.5878752633529573,-0.29379440470027973,0.631326115722622,-0.523463360461605,0.5722005294132735,False,,0.0,0.0,0.0,0.0,0.0,0.0
