camera_matrix:
- [360.6366365685461, 0.0, 255.0199706208483]
- [0.0, 365.34855011268394, 221.21476076784523]
- [0.0, 0.0, 1.0]
dist_coeff:
- [0.03976503108196735, 0.303213334517821, 0.007807470783697487, 0.006122383181785617,
  -0.8557459483469974]
mean reprojection error: [0.23057418402061483]
